Geneid	Case1	Case2	Control1	Control2
ENSG00000236875.3	14	4	13	4
ENSG00000181404.18	59	21	37	10
ENSG00000227518.5	0	0	0	0
ENSG00000283921.1	0	0	0	0
ENSG00000218839.5	0	0	0	0
ENSG00000284986.1	0	0	0	0
ENSG00000277631.6	0	19	1	11
ENSG00000227917.3	1	20	10	25
ENSG00000231808.2	11	17	0	0
ENSG00000170122.6	0	64	1	106
ENSG00000172785.19	59	25	12	82
ENSG00000287480.1	0	67	0	0
ENSG00000183784.7	113	0	0	0
ENSG00000107099.18	33	2	4	6
ENSG00000235880.1	0	0	0	0
ENSG00000227155.7	1	26	0	0
ENSG00000107104.21	3	37	3	3
ENSG00000235330.2	0	0	0	0
ENSG00000228115.1	0	0	0	0
ENSG00000202172.1	0	0	0	0
ENSG00000229875.1	0	0	0	0
ENSG00000227914.3	0	0	0	0
ENSG00000137090.12	100	20	17	2
ENSG00000064218.5	3	0	17	75
ENSG00000252991.1	0	0	0	0
ENSG00000228783.1	0	0	1	0
ENSG00000286684.1	0	0	0	4
ENSG00000281769.1	0	112	0	46
ENSG00000173253.16	0	50	1	64
ENSG00000224836.1	0	0	0	0
ENSG00000236594.2	13	0	15	8
ENSG00000233575.2	1	7	0	0
ENSG00000202383.1	0	0	0	0
ENSG00000287465.1	31	9	4	2
ENSG00000224092.1	0	12	38	0
ENSG00000080503.24	15	3	19	61
ENSG00000236199.1	0	0	0	0
ENSG00000222973.1	0	0	0	0
ENSG00000264615.2	0	0	1	0
ENSG00000236404.12	12	2	48	4
ENSG00000231052.1	0	0	0	0
ENSG00000147852.17	203	128	1	217
ENSG00000286670.1	0	0	0	0
ENSG00000168263.9	85	30	0	0
ENSG00000080608.10	1	3	1	1
ENSG00000289552.1	84	0	66	0
ENSG00000236496.2	15	20	50	56
ENSG00000229184.2	0	1	11	0
ENSG00000227835.8	1	10	100	15
ENSG00000236511.2	77	0	0	43
ENSG00000080298.16	14	140	1	41
ENSG00000215297.3	0	0	0	0
ENSG00000288963.1	0	2	0	0
ENSG00000232104.4	0	48	102	1
ENSG00000237359.2	0	0	0	0
ENSG00000226669.2	0	0	0	0
ENSG00000107249.24	22	308	364	27
ENSG00000236724.1	0	0	0	0
ENSG00000237009.2	0	0	0	0
ENSG00000230001.1	0	0	0	0
ENSG00000228322.1	0	0	0	0
ENSG00000200941.1	0	0	0	0
ENSG00000106688.12	1	7	0	0
ENSG00000106686.17	106	75	0	76
ENSG00000225893.1	0	0	0	0
ENSG00000205808.7	0	0	0	0
ENSG00000273061.2	0	0	2	20
ENSG00000106993.12	0	0	0	0
ENSG00000147853.17	15	91	1	2
ENSG00000287759.1	87	23	1	54
ENSG00000270639.1	14	52	0	0
ENSG00000220105.2	0	0	0	12
ENSG00000120158.12	111	12	2	1
ENSG00000233186.2	0	0	0	0
ENSG00000199065.3	0	0	0	0
ENSG00000228165.1	0	0	0	0
ENSG00000220937.3	0	0	0	1
ENSG00000096968.14	47	4	10	82
ENSG00000234534.1	0	0	0	0
ENSG00000182347.10	0	0	0	0
ENSG00000227730.2	0	0	0	0
ENSG00000228166.1	0	0	0	0
ENSG00000224083.1	0	0	0	0
ENSG00000235917.1	0	0	0	0
ENSG00000228097.1	0	0	0	0
ENSG00000237711.1	0	0	0	0
ENSG00000236254.1	0	0	0	0
ENSG00000230225.1	0	0	0	0
ENSG00000236567.2	0	0	0	0
ENSG00000254017.1	0	0	0	0
ENSG00000120210.8	38	1	0	1
ENSG00000237553.1	2	0	0	1
ENSG00000120211.4	0	87	54	0
ENSG00000107014.9	1	0	0	4
ENSG00000214195.4	0	0	0	0
ENSG00000107018.8	35	0	0	0
ENSG00000272866.1	0	0	19	32
ENSG00000231967.1	0	0	0	0
ENSG00000107020.10	2	0	5	11
ENSG00000214190.2	0	0	0	0
ENSG00000120217.14	0	0	2	16
ENSG00000286162.3	5	1	15	7
ENSG00000197646.8	0	0	0	0
ENSG00000231509.1	0	0	0	0
ENSG00000107036.12	1	104	0	1
ENSG00000225408.1	0	0	0	0
ENSG00000099219.15	271	1	55	25
ENSG00000223621.1	0	0	0	0
ENSG00000183354.12	0	86	2	0
ENSG00000120215.10	0	0	0	0
ENSG00000263575.1	0	0	0	0
ENSG00000137040.10	0	36	30	38
ENSG00000228739.1	12	0	3	20
ENSG00000237274.2	0	26	0	53
ENSG00000137033.12	1	92	88	0
ENSG00000228132.2	0	0	0	0
ENSG00000233846.2	1	0	6	0
ENSG00000170777.11	0	14	0	41
ENSG00000147854.17	0	20	0	0
ENSG00000233367.1	0	0	0	0
ENSG00000178445.10	5	19	3	1
ENSG00000264530.2	0	0	0	0
ENSG00000237158.1	0	0	0	0
ENSG00000206147.5	0	0	0	0
ENSG00000236924.2	0	16	17	17
ENSG00000266863.2	0	0	0	0
ENSG00000229057.1	0	0	0	0
ENSG00000231381.2	0	0	0	0
ENSG00000232946.1	0	0	0	0
ENSG00000229611.2	16	17	0	4
ENSG00000225489.8	74	22	0	0
ENSG00000107077.19	3	20	7	110
ENSG00000231108.2	0	0	0	0
ENSG00000256968.1	0	0	0	0
ENSG00000230581.2	0	0	0	0
ENSG00000224972.1	0	0	0	0
ENSG00000285688.1	0	64	59	56
ENSG00000288042.1	16	33	25	6
ENSG00000230207.1	0	18	28	18
ENSG00000178654.11	0	21	0	10
ENSG00000273056.1	0	22	0	0
ENSG00000137038.8	2	29	2	0
ENSG00000231902.2	9	34	2	69
ENSG00000226376.1	0	0	0	0
ENSG00000153707.19	34	26	25	27
ENSG00000235389.2	0	0	0	0
ENSG00000212695.5	0	0	0	0
ENSG00000239102.1	0	0	0	0
ENSG00000225706.2	0	0	0	0
ENSG00000234021.1	0	0	0	0
ENSG00000212829.8	0	0	0	0
ENSG00000265735.2	0	0	0	0
ENSG00000230920.1	0	0	0	0
ENSG00000234360.1	0	0	0	0
ENSG00000226717.2	0	77	114	154
ENSG00000232035.1	0	0	0	0
ENSG00000227138.1	0	0	0	0
ENSG00000230589.1	0	0	4	23
ENSG00000270372.1	0	0	0	0
ENSG00000234146.1	23	1	0	0
ENSG00000230365.1	8	4	0	2
ENSG00000286474.1	63	104	2	2
ENSG00000275130.1	0	0	0	0
ENSG00000285784.1	17	4	11	54
ENSG00000224935.2	1	36	0	0
ENSG00000231491.2	14	43	0	12
ENSG00000222581.1	0	0	0	0
ENSG00000107165.13	0	0	4	0
ENSG00000235448.3	0	1	0	1
ENSG00000243115.3	0	0	0	0
ENSG00000153714.6	7	0	0	0
ENSG00000222658.1	0	0	0	0
ENSG00000285637.2	70	1	0	1
ENSG00000214121.4	0	0	0	0
ENSG00000234586.2	0	0	0	0
ENSG00000107186.17	102	458	139	2
ENSG00000234740.1	0	0	0	0
ENSG00000223672.2	0	0	0	0
ENSG00000226197.4	42	6	4	1
ENSG00000270547.6	0	0	0	0
ENSG00000288556.1	0	0	0	0
ENSG00000205636.3	1	0	26	6
ENSG00000229268.1	47	0	8	17
ENSG00000235533.1	29	0	0	22
ENSG00000289185.1	30	51	58	15
ENSG00000223568.1	0	0	0	0
ENSG00000213954.3	0	2	16	5
ENSG00000147862.18	6	3	151	39
ENSG00000234982.1	0	0	0	0
ENSG00000288876.1	0	0	0	0
ENSG00000225472.2	0	0	0	0
ENSG00000287708.1	9	205	3	56
ENSG00000237137.1	0	0	0	0
ENSG00000273399.2	20	25	0	0
ENSG00000272871.1	58	0	0	55
ENSG00000229029.2	0	0	32	29
ENSG00000175893.12	148	0	26	476
ENSG00000147869.5	0	0	33	0
ENSG00000164946.20	4	50	4	468
ENSG00000286500.1	0	0	0	0
ENSG00000283647.1	0	0	0	0
ENSG00000199814.1	0	0	0	0
ENSG00000232000.3	3	3	9	16
ENSG00000214110.3	0	0	0	0
ENSG00000215237.6	0	0	0	0
ENSG00000234297.2	0	0	0	0
ENSG00000251960.1	0	0	0	0
ENSG00000155158.20	94	17	76	14
ENSG00000215236.3	39	0	0	0
ENSG00000164975.16	176	155	12	36
ENSG00000251834.1	0	0	0	0
ENSG00000164985.15	7	46	2	1
ENSG00000278754.1	0	0	0	0
ENSG00000240613.3	0	0	4	0
ENSG00000213362.3	0	0	19	0
ENSG00000207433.1	0	0	0	0
ENSG00000164989.17	43	31	57	86
ENSG00000231376.1	0	0	0	0
ENSG00000207360.1	0	0	0	0
ENSG00000205549.10	3	37	2	1
ENSG00000173068.18	5	152	44	56
ENSG00000231756.1	0	0	0	0
ENSG00000230694.1	0	0	0	0
ENSG00000234779.1	0	0	0	0
ENSG00000233551.2	0	0	0	0
ENSG00000237153.4	2	21	0	47
ENSG00000285169.2	0	0	0	0
ENSG00000241152.3	0	0	0	0
ENSG00000226470.1	0	0	0	0
ENSG00000237083.1	0	0	0	0
ENSG00000044459.15	64	120	172	6
ENSG00000224488.1	0	0	0	0
ENSG00000107295.10	8	7	36	4
ENSG00000228810.1	0	0	0	0
ENSG00000178031.18	14	10	19	14
ENSG00000227167.1	0	0	0	0
ENSG00000264638.1	0	0	0	0
ENSG00000252960.1	0	0	0	0
ENSG00000236857.3	0	0	0	0
ENSG00000155875.15	2	3	28	1
ENSG00000236680.1	0	0	0	0
ENSG00000155876.6	19	83	79	53
ENSG00000147874.11	22	2	63	5
ENSG00000251733.1	0	0	0	0
ENSG00000252943.1	0	0	0	0
ENSG00000201118.1	0	0	0	0
ENSG00000147872.10	0	0	20	1
ENSG00000232176.1	2	0	6	0
ENSG00000137145.21	49	1	4	76
ENSG00000232978.2	0	0	0	0
ENSG00000272842.1	0	0	0	0
ENSG00000273226.1	15	15	22	10
ENSG00000137154.13	37	9	0	0
ENSG00000234853.2	0	0	0	0
ENSG00000285911.1	0	41	0	1
ENSG00000177076.6	0	10	37	79
ENSG00000260912.1	0	83	16	0
ENSG00000231909.7	1	12	10	37
ENSG00000155886.12	212	22	2	36
ENSG00000232158.1	0	0	0	0
ENSG00000286685.2	5	2	2	60
ENSG00000276667.1	0	0	0	0
ENSG00000261402.1	0	28	0	0
ENSG00000270712.1	0	0	0	0
ENSG00000277711.1	0	23	0	0
ENSG00000237434.1	33	12	2	40
ENSG00000171843.17	3	4	6	230
ENSG00000263790.1	0	0	0	0
ENSG00000222202.1	0	0	0	0
ENSG00000264941.1	0	0	0	0
ENSG00000237088.1	0	0	0	0
ENSG00000188352.13	3	9	37	567
ENSG00000227071.1	0	0	0	0
ENSG00000207609.3	0	0	0	0
ENSG00000202189.1	0	0	0	0
ENSG00000188921.14	331	0	40	210
ENSG00000230208.1	0	0	18	0
ENSG00000171855.7	0	26	0	0
ENSG00000225027.2	0	0	0	2
ENSG00000275980.1	6	0	0	3
ENSG00000177047.7	47	43	0	0
ENSG00000199635.1	0	0	0	0
ENSG00000137080.4	3	0	0	28
ENSG00000232281.2	0	9	19	0
ENSG00000236637.4	0	7	3	21
ENSG00000226597.1	1	23	1	17
ENSG00000214042.1	6	0	0	6
ENSG00000186803.3	0	0	0	1
ENSG00000223684.1	0	11	29	10
ENSG00000147885.4	0	29	33	0
ENSG00000234829.4	44	30	48	15
ENSG00000232138.1	20	0	0	3
ENSG00000228083.3	0	46	0	0
ENSG00000224416.2	5	27	14	0
ENSG00000147873.6	9	0	13	47
ENSG00000226393.1	21	11	0	1
ENSG00000198642.7	0	12	77	158
ENSG00000120235.4	0	54	13	3
ENSG00000233816.3	38	0	5	14
ENSG00000188379.7	41	0	0	0
ENSG00000261696.1	34	0	7	40
ENSG00000231195.1	22	10	0	0
ENSG00000235108.1	0	22	29	1
ENSG00000120242.4	19	0	48	40
ENSG00000288541.1	0	240	0	20
ENSG00000237691.1	0	0	0	0
ENSG00000197919.6	1	0	34	14
ENSG00000171889.6	49	0	109	97
ENSG00000238271.2	0	0	0	0
ENSG00000184995.7	0	0	0	0
ENSG00000199177.1	0	0	0	0
ENSG00000264379.1	0	0	0	0
ENSG00000227443.2	13	3	0	5
ENSG00000229835.2	67	34	15	28
ENSG00000244230.3	1	4	0	0
ENSG00000099810.21	0	0	0	0
ENSG00000264545.2	1	0	1	0
ENSG00000229298.1	0	0	0	0
ENSG00000265194.1	0	0	0	0
ENSG00000279670.1	0	0	0	0
ENSG00000264801.1	0	0	0	0
ENSG00000224854.3	0	0	0	0
ENSG00000147889.18	0	0	0	0
ENSG00000240498.9	110	22	0	279
ENSG00000266446.1	0	0	0	0
ENSG00000147883.12	0	0	0	0
ENSG00000215221.2	0	0	0	0
ENSG00000274055.1	0	0	0	0
ENSG00000277653.1	0	0	0	0
ENSG00000236921.1	10	0	32	0
ENSG00000176399.4	0	0	0	0
ENSG00000234840.2	28	0	46	0
ENSG00000284418.2	20	7	24	7
ENSG00000236739.3	0	0	0	0
ENSG00000224549.1	0	0	0	0
ENSG00000287696.1	0	0	0	0
ENSG00000283982.1	3	64	2	346
ENSG00000227607.2	0	0	0	0
ENSG00000233906.1	0	0	0	0
ENSG00000226626.2	16	0	41	0
ENSG00000107105.15	16	63	25	20
ENSG00000287843.1	16	45	0	0
ENSG00000231460.2	6	51	0	27
ENSG00000237414.2	0	0	0	38
ENSG00000277608.1	0	24	0	0
ENSG00000287139.1	0	31	64	0
ENSG00000205442.13	0	0	6	13
ENSG00000269957.6	26	11	4	7
ENSG00000223088.1	2	1	0	0
ENSG00000222693.1	0	0	6	0
ENSG00000287318.1	67	53	19	99
ENSG00000198680.6	41	16	80	0
ENSG00000236306.3	0	1	1	3
ENSG00000270683.1	14	0	0	0
ENSG00000276759.2	151	10	154	139
ENSG00000279256.1	65	1	0	74
ENSG00000254261.1	19	43	0	32
ENSG00000252580.1	0	0	0	0
ENSG00000253400.1	0	11	0	0
ENSG00000120159.13	24	34	49	0
ENSG00000232466.1	0	0	0	0
ENSG00000240306.2	1	0	0	0
ENSG00000137055.15	132	198	106	9
ENSG00000096872.17	35	1	14	4
ENSG00000234676.1	0	0	0	0
ENSG00000184434.8	0	0	0	0
ENSG00000254396.1	28	29	0	0
ENSG00000120156.22	26	0	183	15
ENSG00000223162.1	0	0	0	0
ENSG00000232867.1	0	0	0	0
ENSG00000283945.1	113	1	0	14
ENSG00000120160.11	0	31	3	25
ENSG00000120162.10	283	1	38	56
ENSG00000237734.1	0	0	0	0
ENSG00000287355.1	0	0	0	0
ENSG00000147896.4	0	0	0	0
ENSG00000285103.2	54	0	22	17
ENSG00000147894.17	7	228	3	177
ENSG00000215441.3	41	0	0	8
ENSG00000260390.1	84	0	93	0
ENSG00000260412.1	268	17	210	0
ENSG00000174482.10	93	4	75	6
ENSG00000229060.4	0	0	0	0
ENSG00000287551.1	0	0	0	0
ENSG00000224955.1	0	0	0	0
ENSG00000215966.1	0	0	0	0
ENSG00000215939.3	0	0	0	0
ENSG00000287038.2	10	94	0	55
ENSG00000230276.2	0	0	0	1
ENSG00000277646.1	41	0	3	0
ENSG00000229834.1	7	0	4	7
ENSG00000230097.2	0	1	30	9
ENSG00000280683.1	2	7	133	99
ENSG00000232060.3	0	0	0	0
ENSG00000239792.2	2	37	0	14
ENSG00000215210.3	7	1	1	1
ENSG00000235626.2	0	0	14	2
ENSG00000226246.1	52	11	0	0
ENSG00000233278.1	0	0	8	0
ENSG00000214020.3	1	23	0	0
ENSG00000228557.1	0	5	21	0
ENSG00000223421.1	0	52	0	0
ENSG00000232203.3	0	27	44	0
ENSG00000260720.1	0	15	40	0
ENSG00000226998.1	0	30	0	2
ENSG00000229080.1	0	0	0	35
ENSG00000235148.2	1	26	0	16
ENSG00000252313.1	0	0	0	0
ENSG00000225347.1	0	0	1	0
ENSG00000122729.19	3	229	501	2
ENSG00000107201.11	0	0	0	0
ENSG00000288684.1	14	7	0	16
ENSG00000197579.8	0	0	0	0
ENSG00000235453.12	0	0	0	0
ENSG00000165264.11	15	10	0	0
ENSG00000232303.2	0	0	0	0
ENSG00000122728.6	206	220	31	0
ENSG00000223440.1	2	0	43	2
ENSG00000230516.1	0	0	0	0
ENSG00000238001.2	1	0	3	12
ENSG00000230867.1	15	0	0	0
ENSG00000188133.6	65	73	1	0
ENSG00000272113.2	0	0	0	0
ENSG00000236796.1	1	0	95	68
ENSG00000231193.1	0	0	0	0
ENSG00000137074.20	87	23	14	22
ENSG00000223807.1	0	0	0	0
ENSG00000237437.1	0	0	0	0
ENSG00000236184.1	0	0	0	0
ENSG00000225693.1	0	0	0	0
ENSG00000086061.16	40	133	0	96
ENSG00000122692.9	5	183	0	1
ENSG00000086062.13	4	0	187	247
ENSG00000233554.6	144	1	0	3
ENSG00000252224.1	0	0	0	0
ENSG00000122711.9	10	32	0	39
ENSG00000107262.26	0	0	0	14
ENSG00000086065.14	1	26	0	87
ENSG00000086102.19	350	53	351	19
ENSG00000200544.1	0	0	0	0
ENSG00000165269.13	26	85	3	2
ENSG00000286322.2	3	20	26	0
ENSG00000165272.16	22	0	0	0
ENSG00000270542.1	0	0	0	0
ENSG00000165271.17	0	0	0	30
ENSG00000275651.1	0	0	0	0
ENSG00000226823.1	23	31	18	0
ENSG00000228072.1	8	11	0	1
ENSG00000230453.10	26	25	260	20
ENSG00000225123.2	0	0	0	0
ENSG00000234373.1	15	1	1	0
ENSG00000226562.4	3	6	75	14
ENSG00000204982.3	0	0	0	0
ENSG00000205274.3	15	22	3	2
ENSG00000231991.4	59	56	5	53
ENSG00000183938.5	0	9	1	0
ENSG00000234122.1	0	0	0	0
ENSG00000229063.2	0	0	0	0
ENSG00000215206.5	14	20	12	13
ENSG00000240215.4	0	22	0	2
ENSG00000237984.3	53	0	11	0
ENSG00000281128.2	0	1	150	155
ENSG00000231165.3	0	0	0	5
ENSG00000260947.1	82	0	0	152
ENSG00000287063.1	0	0	123	181
ENSG00000227301.1	0	0	49	21
ENSG00000287495.1	36	50	37	26
ENSG00000233776.5	11	2	0	7
ENSG00000010438.17	0	0	2	1
ENSG00000235481.3	12	0	40	6
ENSG00000223394.2	0	0	0	0
ENSG00000107341.5	56	8	126	123
ENSG00000200834.1	0	0	0	0
ENSG00000251748.1	0	0	0	0
ENSG00000137073.24	330	0	65	20
ENSG00000238300.1	0	0	0	0
ENSG00000238886.1	0	0	0	0
ENSG00000226801.2	0	0	0	0
ENSG00000288949.1	23	0	26	14
ENSG00000222259.1	0	4	4	6
ENSG00000228352.2	0	1	0	2
ENSG00000198876.13	1	0	22	0
ENSG00000224802.2	0	0	0	0
ENSG00000239392.2	56	19	55	2
ENSG00000165006.14	30	106	2	19
ENSG00000227383.1	0	0	0	0
ENSG00000279336.1	0	0	0	0
ENSG00000252164.1	0	0	0	0
ENSG00000233668.1	0	0	0	0
ENSG00000186638.17	2	1	0	1
ENSG00000222426.1	0	0	0	0
ENSG00000229207.1	0	0	0	0
ENSG00000164978.18	0	3	40	0
ENSG00000164976.9	0	15	343	0
ENSG00000164972.14	50	0	39	18
ENSG00000207032.1	0	0	0	0
ENSG00000164970.15	125	26	108	4
ENSG00000122735.16	1	55	29	12
ENSG00000251697.1	0	0	0	0
ENSG00000168913.7	0	0	0	0
ENSG00000230729.1	0	24	8	6
ENSG00000232983.2	0	5	12	1
ENSG00000122756.15	0	33	18	6
ENSG00000237159.6	0	0	0	0
ENSG00000164967.10	58	0	0	52
ENSG00000137100.16	14	32	0	10
ENSG00000205143.5	220	1	13	15
ENSG00000147955.18	0	46	0	0
ENSG00000213930.12	0	0	0	0
ENSG00000258728.2	43	0	52	0
ENSG00000137070.19	0	0	0	0
ENSG00000213927.4	0	0	0	0
ENSG00000261215.1	0	13	0	0
ENSG00000187186.15	0	0	0	0
ENSG00000230074.4	0	0	34	18
ENSG00000172724.12	19	0	0	0
ENSG00000288583.1	34	1	0	14
ENSG00000137077.8	0	0	0	0
ENSG00000205108.6	0	0	0	0
ENSG00000287368.1	2	0	1	0
ENSG00000257198.6	0	0	0	0
ENSG00000187791.13	2	4	7	1
ENSG00000178723.7	0	0	0	24
ENSG00000215199.3	7	0	0	9
ENSG00000122733.12	1	84	1	0
ENSG00000281491.1	0	20	30	25
ENSG00000137094.16	0	2	0	0
ENSG00000273597.1	45	0	0	3
ENSG00000279489.1	0	0	0	20
ENSG00000233148.2	10	0	0	0
ENSG00000286782.1	13	0	0	19
ENSG00000287868.1	43	82	49	0
ENSG00000279608.1	61	102	65	0
ENSG00000174038.13	0	0	0	0
ENSG00000241568.3	0	0	0	7
ENSG00000165280.18	0	191	0	0
ENSG00000288699.1	0	0	0	3
ENSG00000221829.11	0	94	0	123
ENSG00000165282.14	0	215	15	9
ENSG00000234181.1	3	0	1	0
ENSG00000165283.16	0	0	0	10
ENSG00000005238.20	18	1	23	17
ENSG00000215198.3	1	1	1	18
ENSG00000198722.15	1	7	1	19
ENSG00000279083.1	0	0	0	0
ENSG00000179766.19	18	2	189	149
ENSG00000244213.1	0	0	0	0
ENSG00000198853.12	1	51	1	15
ENSG00000287287.1	0	0	0	0
ENSG00000235619.1	0	0	0	0
ENSG00000215187.13	13	0	78	29
ENSG00000227852.1	0	0	0	0
ENSG00000288586.1	88	0	87	21
ENSG00000107140.16	1	0	148	45
ENSG00000263892.3	0	0	0	0
ENSG00000137101.14	1	2	193	0
ENSG00000231393.1	0	0	0	0
ENSG00000227933.1	6	9	0	2
ENSG00000137078.10	0	3	33	23
ENSG00000269900.3	0	0	0	0
ENSG00000277027.1	0	0	0	0
ENSG00000159884.12	6	0	37	6
ENSG00000137135.18	81	0	19	23
ENSG00000243136.3	0	0	0	0
ENSG00000107159.14	68	11	9	0
ENSG00000198467.16	21	44	36	0
ENSG00000137076.21	11	17	31	2
ENSG00000284195.1	0	0	0	0
ENSG00000107175.12	0	8	92	126
ENSG00000273945.1	0	0	0	0
ENSG00000070610.14	221	33	174	30
ENSG00000107185.10	130	14	186	168
ENSG00000215183.5	0	0	0	0
ENSG00000228843.2	0	0	0	0
ENSG00000227388.3	0	16	0	50
ENSG00000159899.16	0	76	0	238
ENSG00000137098.14	24	55	1	95
ENSG00000137133.11	0	0	0	0
ENSG00000285645.1	16	3	0	0
ENSG00000137103.20	11	33	4	22
ENSG00000204930.10	0	0	0	0
ENSG00000236083.2	0	0	0	0
ENSG00000168828.6	0	20	0	0
ENSG00000233659.1	6	0	0	8
ENSG00000196196.3	27	32	25	1
ENSG00000235387.5	0	0	0	13
ENSG00000287986.1	0	0	0	0
ENSG00000225639.1	29	0	4	0
ENSG00000278889.4	0	0	31	0
ENSG00000228307.2	6	42	42	1
ENSG00000213866.3	0	0	0	0
ENSG00000179443.5	0	0	0	0
ENSG00000243641.3	0	0	0	0
ENSG00000236110.1	0	4	0	0
ENSG00000122707.12	96	32	0	12
ENSG00000276730.1	0	0	0	0
ENSG00000122694.16	60	45	6	5
ENSG00000185972.6	7	10	8	64
ENSG00000122705.17	62	1	3	56
ENSG00000159921.20	0	0	0	0
ENSG00000222760.1	0	0	0	0
ENSG00000215283.3	3	0	2	0
ENSG00000137075.18	1	88	24	42
ENSG00000165304.8	188	28	71	0
ENSG00000288571.1	43	11	12	0
ENSG00000287514.2	155	99	42	2
ENSG00000266255.1	0	0	0	0
ENSG00000196092.14	2	18	2	63
ENSG00000258885.1	0	0	0	0
ENSG00000264922.1	0	0	0	0
ENSG00000265368.1	0	0	0	0
ENSG00000250850.2	0	0	0	0
ENSG00000125385.9	11	6	0	0
ENSG00000232920.1	41	0	0	41
ENSG00000260100.1	31	1	27	0
ENSG00000281649.3	0	0	35	22
ENSG00000233242.3	52	8	11	74
ENSG00000147905.18	2	6	5	8
ENSG00000200502.1	0	0	0	0
ENSG00000228292.1	0	0	0	0
ENSG00000206784.1	0	0	0	0
ENSG00000252723.2	0	0	0	0
ENSG00000224648.1	0	0	0	0
ENSG00000137106.18	0	36	4	0
ENSG00000236156.2	0	0	0	0
ENSG00000168795.5	211	57	17	1
ENSG00000187988.5	0	21	1	1
ENSG00000137054.16	0	158	25	128
ENSG00000230188.1	0	0	0	0
ENSG00000234160.1	0	0	0	0
ENSG00000147912.13	0	0	0	0
ENSG00000256966.6	1	0	0	19
ENSG00000175768.13	0	0	0	0
ENSG00000255872.3	11	18	35	22
ENSG00000233111.1	0	0	0	0
ENSG00000070601.10	0	0	0	0
ENSG00000201287.1	0	0	0	0
ENSG00000165275.10	0	0	0	0
ENSG00000107371.14	0	0	0	0
ENSG00000289295.1	0	0	0	0
ENSG00000122741.16	0	0	0	0
ENSG00000232454.2	0	0	0	0
ENSG00000226055.2	0	0	0	0
ENSG00000122696.14	0	0	0	0
ENSG00000213839.4	0	0	0	0
ENSG00000107338.10	0	0	0	0
ENSG00000251745.1	0	0	0	0
ENSG00000200026.1	0	0	0	0
ENSG00000223716.2	32	3	26	0
ENSG00000137124.8	0	0	0	118
ENSG00000137142.5	0	147	10	91
ENSG00000283162.2	33	33	12	33
ENSG00000225254.2	0	0	0	0
ENSG00000215165.3	0	0	0	0
ENSG00000229511.1	0	0	0	0
ENSG00000237487.1	0	0	0	0
ENSG00000243085.1	0	0	0	0
ENSG00000176007.10	0	0	0	0
ENSG00000273036.3	0	0	0	0
ENSG00000283486.2	0	21	0	0
ENSG00000272934.1	0	0	0	0
ENSG00000272904.1	0	0	0	0
ENSG00000225345.3	0	0	0	0
ENSG00000180071.20	10	7	22	25
ENSG00000204860.5	40	6	0	0
ENSG00000237557.1	0	0	27	19
ENSG00000284612.2	45	0	0	16
ENSG00000252725.1	0	0	0	0
ENSG00000283329.2	1	55	1	32
ENSG00000228467.2	4	13	23	24
ENSG00000287838.1	28	25	21	11
ENSG00000234680.1	23	0	1	74
ENSG00000106714.18	16	78	38	22
ENSG00000226625.1	0	0	0	0
ENSG00000271454.1	0	0	0	0
ENSG00000243695.1	0	0	0	0
ENSG00000278825.1	0	0	0	0
ENSG00000204849.10	4	8	19	15
ENSG00000277024.1	9	4	1	13
ENSG00000215112.6	0	16	11	4
ENSG00000224038.1	11	8	0	8
ENSG00000231140.3	0	0	0	0
ENSG00000198416.9	5	124	4	98
ENSG00000229707.1	0	0	0	0
ENSG00000269692.1	19	61	44	19
ENSG00000273994.1	0	15	16	1
ENSG00000234720.3	1	20	0	41
ENSG00000278175.5	0	28	52	17
ENSG00000226108.2	0	0	0	0
ENSG00000232239.2	0	0	0	0
ENSG00000229273.1	0	0	0	0
ENSG00000204837.5	9	10	10	9
ENSG00000283886.3	0	0	0	0
ENSG00000277774.1	0	0	0	0
ENSG00000252724.1	0	0	0	0
ENSG00000232798.1	0	0	0	0
ENSG00000284116.1	0	0	0	0
ENSG00000184961.5	0	0	0	0
ENSG00000237846.1	0	0	0	0
ENSG00000230804.2	2	6	1	18
ENSG00000228136.1	9	4	1	0
ENSG00000236966.1	0	0	0	0
ENSG00000283211.1	10	13	5	14
ENSG00000283246.1	4	0	2	54
ENSG00000183148.7	0	0	0	0
ENSG00000240240.9	1	17	10	12
ENSG00000212441.1	0	0	0	0
ENSG00000234812.1	0	0	0	0
ENSG00000231390.1	0	0	0	0
ENSG00000223839.8	0	0	0	0
ENSG00000224681.1	14	10	11	10
ENSG00000227069.1	8	32	0	10
ENSG00000232433.2	5	10	11	32
ENSG00000274157.1	0	0	0	0
ENSG00000278122.1	0	0	0	0
ENSG00000274067.1	0	0	0	0
ENSG00000184906.11	11	5	7	5
ENSG00000276500.1	0	0	0	0
ENSG00000276266.1	6	21	1	21
ENSG00000225380.4	2	0	1	0
ENSG00000276963.1	16	21	19	10
ENSG00000278331.1	0	0	0	0
ENSG00000275390.1	2	4	3	0
ENSG00000276868.1	0	1	0	5
ENSG00000275377.1	0	0	0	0
ENSG00000276291.6	11	15	8	58
ENSG00000277778.3	0	0	0	0
ENSG00000280077.1	0	0	0	0
ENSG00000279456.1	0	0	0	0
ENSG00000225655.6	0	0	0	0
ENSG00000276462.2	0	0	0	0
ENSG00000273514.2	0	0	0	0
ENSG00000215126.11	0	0	0	0
ENSG00000276029.1	0	0	0	0
ENSG00000277049.1	0	0	0	0
ENSG00000279561.3	138	137	2	0
ENSG00000275450.1	63	42	0	0
ENSG00000278647.1	0	0	0	0
ENSG00000274680.1	57	9	75	8
ENSG00000276502.1	10	5	3	3
ENSG00000276832.2	0	24	5	7
ENSG00000288891.1	9	9	6	8
ENSG00000275160.1	0	0	0	0
ENSG00000277340.1	0	0	2	2
ENSG00000276094.1	0	0	0	0
ENSG00000276562.1	0	2	0	0
ENSG00000288225.1	7	0	3	0
ENSG00000278077.1	0	0	0	0
ENSG00000278054.1	0	0	0	1
ENSG00000276412.2	1	0	21	1
ENSG00000275239.4	4	1	4	8
ENSG00000278028.1	0	0	0	0
ENSG00000274688.1	0	0	0	0
ENSG00000278001.1	9	0	0	17
ENSG00000275297.1	17	18	26	53
ENSG00000154529.15	28	48	9	18
ENSG00000237207.2	0	0	0	0
ENSG00000270909.1	0	0	0	0
ENSG00000273717.1	0	0	0	0
ENSG00000185775.10	12	29	36	20
ENSG00000239986.2	0	1	1	1
ENSG00000277260.1	8	5	11	4
ENSG00000276277.1	0	0	0	0
ENSG00000275649.1	14	30	2	1
ENSG00000268234.1	12	67	0	4
ENSG00000277213.1	1	4	19	0
ENSG00000234861.2	42	4	0	19
ENSG00000227353.1	10	30	18	8
ENSG00000227924.2	42	17	2	57
ENSG00000237357.2	0	0	14	62
ENSG00000212952.6	0	0	0	0
ENSG00000229311.1	20	7	2	0
ENSG00000204816.5	2	19	1	0
ENSG00000230245.2	4	1	4	0
ENSG00000216829.6	1	18	1	2
ENSG00000233424.2	112	1	148	0
ENSG00000287276.1	0	0	8	7
ENSG00000204818.4	0	0	0	0
ENSG00000224537.1	4	2	7	2
ENSG00000236816.3	93	24	20	26
ENSG00000286793.1	0	0	0	0
ENSG00000238529.1	0	0	0	0
ENSG00000273900.1	0	0	0	0
ENSG00000275144.1	0	0	0	0
ENSG00000230635.2	1	10	1	2
ENSG00000229079.1	20	1	1	7
ENSG00000213816.3	0	35	14	0
ENSG00000276128.2	4	8	1	107
ENSG00000277737.3	44	11	22	10
ENSG00000286506.1	50	15	50	2
ENSG00000287800.1	0	0	0	0
ENSG00000286916.1	0	8	0	2
ENSG00000277598.1	1	1	1	0
ENSG00000276581.3	17	15	9	33
ENSG00000275628.2	0	2	1	3
ENSG00000274516.2	0	16	42	41
ENSG00000276422.2	10	14	0	16
ENSG00000278485.1	0	0	0	0
ENSG00000283541.1	16	25	3	29
ENSG00000276040.4	24	15	16	36
ENSG00000277412.1	0	4	1	0
ENSG00000276149.1	0	0	0	0
ENSG00000274583.1	0	19	38	18
ENSG00000275676.1	0	19	0	25
ENSG00000283378.1	10	60	45	11
ENSG00000276522.1	0	0	0	0
ENSG00000277109.1	0	1	0	0
ENSG00000231248.3	0	5	23	0
ENSG00000238933.1	0	0	0	0
ENSG00000204814.5	4	0	14	15
ENSG00000231454.2	0	8	0	0
ENSG00000273940.1	0	3	0	0
ENSG00000231527.7	36	21	115	33
ENSG00000235659.1	0	0	0	0
ENSG00000223379.1	0	0	0	0
ENSG00000238749.1	0	0	0	0
ENSG00000229697.2	0	0	0	0
ENSG00000276845.1	0	0	0	0
ENSG00000284471.1	0	0	0	0
ENSG00000231995.2	15	6	21	4
ENSG00000231212.1	9	12	2	3
ENSG00000236450.1	0	1	2	1
ENSG00000252133.1	0	0	0	0
ENSG00000275230.1	1	0	0	1
ENSG00000204802.3	0	0	3	1
ENSG00000227449.8	4	18	5	4
ENSG00000233651.2	0	0	0	0
ENSG00000226429.2	0	0	0	0
ENSG00000224603.1	7	1	5	0
ENSG00000232827.3	19	43	1	3
ENSG00000204801.7	0	0	0	0
ENSG00000226007.3	0	0	37	81
ENSG00000212951.5	0	0	0	0
ENSG00000278213.1	0	1	2	7
ENSG00000234217.2	19	30	1	34
ENSG00000236825.2	7	3	3	0
ENSG00000234451.1	0	0	0	33
ENSG00000241571.2	2	38	0	7
ENSG00000234276.1	2	11	10	0
ENSG00000235256.1	13	52	44	54
ENSG00000288838.1	0	15	21	0
ENSG00000238113.7	0	19	3	0
ENSG00000287168.2	0	0	0	0
ENSG00000202474.1	0	0	0	0
ENSG00000229422.2	6	51	32	0
ENSG00000184523.4	1	17	1	1
ENSG00000237451.3	11	4	0	0
ENSG00000234665.9	4	4	29	25
ENSG00000238245.2	0	0	0	0
ENSG00000227582.2	0	0	0	0
ENSG00000219693.3	0	0	0	0
ENSG00000170161.7	0	0	1	2
ENSG00000273509.1	0	11	6	13
ENSG00000244081.1	3	6	6	17
ENSG00000198312.4	3	31	15	41
ENSG00000182021.10	22	23	28	2
ENSG00000176115.9	15	37	23	52
ENSG00000237238.3	11	16	21	44
ENSG00000186466.5	0	0	0	0
ENSG00000228522.2	0	0	0	0
ENSG00000233555.2	2	21	6	2
ENSG00000234042.1	0	3	0	26
ENSG00000268951.1	0	2	0	2
ENSG00000224267.1	5	0	1	0
ENSG00000225360.1	0	0	0	0
ENSG00000228656.1	0	1	0	0
ENSG00000226020.4	5	0	9	5
ENSG00000239684.2	1	4	0	0
ENSG00000225411.3	0	99	63	0
ENSG00000207277.1	0	0	0	0
ENSG00000232815.1	0	8	25	22
ENSG00000266017.1	0	0	0	0
ENSG00000215548.2	3	24	71	22
ENSG00000204790.9	12	11	6	18
ENSG00000288690.2	29	2	8	151
ENSG00000288694.1	54	156	6	6
ENSG00000275068.1	0	0	0	0
ENSG00000285580.1	43	11	44	17
ENSG00000172014.12	143	33	17	110
ENSG00000238551.1	0	0	0	0
ENSG00000224185.1	1	25	34	2
ENSG00000229156.1	0	9	7	1
ENSG00000224106.1	12	18	10	5
ENSG00000224762.1	21	0	4	25
ENSG00000235832.2	2	0	38	47
ENSG00000235310.1	0	37	4	14
ENSG00000277869.1	0	0	0	1
ENSG00000181997.8	13	38	32	35
ENSG00000176134.5	44	6	38	2
ENSG00000225883.2	13	23	28	23
ENSG00000235932.2	6	7	7	6
ENSG00000156755.10	0	4	4	0
ENSG00000271225.1	2	0	0	0
ENSG00000197550.3	1	2	116	3
ENSG00000223602.2	15	9	19	19
ENSG00000206804.1	0	0	0	0
ENSG00000287988.1	32	7	3	1
ENSG00000224599.1	27	41	16	15
ENSG00000236252.2	11	9	8	21
ENSG00000267085.1	0	0	0	0
ENSG00000204780.5	0	4	4	1
ENSG00000204779.2	0	2	7	0
ENSG00000204778.4	7	13	11	16
ENSG00000287329.1	0	3	22	0
ENSG00000276723.1	0	0	0	0
ENSG00000280286.1	2	1	1	6
ENSG00000147996.17	18	36	28	48
ENSG00000184659.6	0	24	26	0
ENSG00000204776.6	0	7	6	8
ENSG00000237904.2	12	6	1	12
ENSG00000235893.5	0	0	0	0
ENSG00000231701.1	25	37	11	22
ENSG00000279955.3	12	6	12	2
ENSG00000279688.1	19	23	17	53
ENSG00000274893.1	55	0	0	4
ENSG00000273668.1	0	0	0	0
ENSG00000275026.1	2	29	19	25
ENSG00000278068.1	2	30	1	19
ENSG00000278720.1	23	8	6	9
ENSG00000274628.5	0	0	0	0
ENSG00000286945.1	3	17	7	11
ENSG00000229146.2	0	0	0	0
ENSG00000276257.1	0	0	0	0
ENSG00000276203.5	18	69	37	40
ENSG00000275030.1	0	0	0	0
ENSG00000284611.1	41	2	16	4
ENSG00000284658.1	6	10	2	13
ENSG00000233765.1	2	12	4	26
ENSG00000274181.1	32	49	4	32
ENSG00000276894.1	9	9	4	3
ENSG00000277297.1	4	14	0	7
ENSG00000273849.1	19	5	16	5
ENSG00000276457.1	5	27	44	48
ENSG00000274349.5	2	34	27	63
ENSG00000277490.1	0	0	0	0
ENSG00000277350.2	2	2	5	12
ENSG00000276039.1	0	0	0	0
ENSG00000274355.1	8	7	14	18
ENSG00000276348.1	5	19	4	0
ENSG00000274820.1	0	0	0	0
ENSG00000275969.2	4	43	6	36
ENSG00000276386.1	38	103	14	29
ENSG00000274852.1	0	0	0	0
ENSG00000277575.1	0	0	0	0
ENSG00000273999.1	0	0	0	0
ENSG00000276204.1	2	7	0	36
ENSG00000276898.1	11	24	10	10
ENSG00000275904.1	0	0	0	0
ENSG00000274026.2	38	0	35	41
ENSG00000278763.1	0	0	0	0
ENSG00000275493.2	0	0	4	2
ENSG00000274098.1	0	0	0	0
ENSG00000278010.1	0	0	0	0
ENSG00000277618.1	1	0	3	3
ENSG00000260691.7	64	52	59	64
ENSG00000278551.1	0	0	0	0
ENSG00000226904.1	0	0	1	5
ENSG00000196873.16	20	28	30	36
ENSG00000279706.1	0	0	0	0
ENSG00000187559.6	1	77	8	42
ENSG00000234394.8	11	22	78	42
ENSG00000225337.1	0	0	0	0
ENSG00000154330.13	60	12	162	32
ENSG00000224958.6	0	0	0	0
ENSG00000233178.7	0	0	0	0
ENSG00000229019.1	0	0	0	0
ENSG00000181778.5	65	62	75	39
ENSG00000226337.3	3	126	118	74
ENSG00000234506.6	0	0	0	0
ENSG00000224025.2	0	0	0	0
ENSG00000107242.20	4	20	197	9
ENSG00000187866.10	0	0	0	0
ENSG00000236998.2	0	0	0	0
ENSG00000236733.1	0	0	0	0
ENSG00000207000.1	0	0	0	0
ENSG00000288771.1	0	0	0	0
ENSG00000165059.8	1	0	0	0
ENSG00000285130.2	1	13	0	0
ENSG00000165060.15	0	0	0	0
ENSG00000270236.1	0	0	0	0
ENSG00000119139.21	0	0	3	0
ENSG00000278910.5	0	24	39	0
ENSG00000135063.20	66	102	42	38
ENSG00000107282.8	1	0	3	4
ENSG00000243888.1	0	0	0	0
ENSG00000229312.2	0	0	0	0
ENSG00000261447.1	48	14	0	0
ENSG00000188647.13	6	196	44	4
ENSG00000225626.4	11	5	0	0
ENSG00000204711.9	54	0	1	17
ENSG00000241174.3	0	0	0	0
ENSG00000204706.14	0	0	0	0
ENSG00000165072.10	0	0	0	0
ENSG00000222465.1	0	0	0	0
ENSG00000268364.3	69	31	0	29
ENSG00000236801.1	0	0	0	0
ENSG00000198887.9	1	4	9	5
ENSG00000274421.1	0	0	0	0
ENSG00000239180.1	0	0	0	0
ENSG00000119138.5	188	0	0	0
ENSG00000289159.1	0	0	0	0
ENSG00000083067.24	92	43	14	12
ENSG00000272232.2	0	0	0	0
ENSG00000232086.1	0	0	0	0
ENSG00000223966.1	0	0	0	0
ENSG00000207935.3	0	0	0	0
ENSG00000224437.2	0	0	0	0
ENSG00000289163.1	18	0	0	1
ENSG00000229814.1	0	5	1	0
ENSG00000135048.14	1	1	87	16
ENSG00000271166.1	0	0	0	0
ENSG00000107362.14	130	36	1	3
ENSG00000200922.1	0	0	0	0
ENSG00000155621.15	1	40	5	28
ENSG00000236060.2	0	0	3	0
ENSG00000204669.11	0	0	55	0
ENSG00000286823.1	24	33	0	0
ENSG00000224820.2	19	0	5	16
ENSG00000119125.17	36	4	45	3
ENSG00000235523.1	11	13	0	19
ENSG00000233933.2	8	0	0	0
ENSG00000252428.1	0	0	0	0
ENSG00000225434.4	11	41	25	18
ENSG00000107372.13	1	2	0	23
ENSG00000288865.1	34	0	2	0
ENSG00000230003.2	0	0	0	0
ENSG00000225947.1	0	0	19	0
ENSG00000165091.18	2	8	4	4
ENSG00000236862.1	0	0	0	0
ENSG00000229753.1	0	0	0	0
ENSG00000236849.6	0	22	28	0
ENSG00000165092.13	88	24	45	22
ENSG00000228024.1	0	0	0	0
ENSG00000135046.14	47	1	49	67
ENSG00000221844.2	53	0	26	43
ENSG00000286840.1	31	0	0	36
ENSG00000232590.1	18	0	8	0
ENSG00000236701.3	0	47	1	19
ENSG00000212454.1	0	0	0	0
ENSG00000223368.2	21	0	2	0
ENSG00000227809.2	32	5	0	0
ENSG00000224825.2	0	1	1	0
ENSG00000198963.11	101	553	2	155
ENSG00000286944.1	0	0	0	0
ENSG00000119121.22	91	8	54	100
ENSG00000202217.1	0	0	0	0
ENSG00000270954.1	0	0	0	0
ENSG00000252758.1	0	0	0	0
ENSG00000224297.2	11	24	5	19
ENSG00000135045.7	0	0	115	115
ENSG00000203321.2	4	24	14	21
ENSG00000156017.13	73	40	0	1
ENSG00000229587.2	0	0	0	0
ENSG00000278040.1	0	0	0	0
ENSG00000106733.21	37	0	0	1
ENSG00000134996.12	39	1	2	3
ENSG00000200041.1	0	0	0	0
ENSG00000212316.1	0	0	0	0
ENSG00000235707.2	22	0	47	45
ENSG00000236376.1	23	1	0	0
ENSG00000234644.2	5	3	0	4
ENSG00000099139.14	29	9	29	32
ENSG00000231137.1	0	0	0	0
ENSG00000135002.12	33	0	0	0
ENSG00000234618.1	0	0	39	44
ENSG00000187210.14	60	21	46	35
ENSG00000233814.1	0	0	0	0
ENSG00000219149.4	0	0	0	0
ENSG00000106772.19	2	0	1	21
ENSG00000225937.3	0	0	0	0
ENSG00000274326.1	0	0	0	0
ENSG00000277320.1	0	0	0	0
ENSG00000286332.1	110	89	0	0
ENSG00000230335.1	19	0	0	0
ENSG00000236604.1	20	0	24	15
ENSG00000229857.1	7	1	36	16
ENSG00000204612.1	0	14	0	0
ENSG00000232851.3	0	0	0	0
ENSG00000233526.1	15	47	28	0
ENSG00000232998.3	0	0	2	2
ENSG00000197969.14	4	26	28	207
ENSG00000156049.7	34	56	2	1
ENSG00000231373.1	0	0	0	0
ENSG00000228248.1	0	0	0	0
ENSG00000201711.1	0	0	0	0
ENSG00000156052.11	16	100	6	3
ENSG00000233457.1	0	0	31	3
ENSG00000222452.1	0	0	0	0
ENSG00000233947.1	0	33	0	0
ENSG00000228781.1	7	15	10	11
ENSG00000234819.1	3	0	0	0
ENSG00000289440.1	35	0	0	10
ENSG00000148019.14	31	0	0	146
ENSG00000135069.14	17	2	1	2
ENSG00000270627.1	2	0	0	10
ENSG00000237257.1	48	0	0	0
ENSG00000226234.2	0	44	0	0
ENSG00000260995.3	2	95	22	68
ENSG00000186940.6	0	1	14	5
ENSG00000233086.8	22	4	0	0
ENSG00000106829.20	2	1	9	51
ENSG00000270691.1	33	27	17	12
ENSG00000238002.3	211	0	19	23
ENSG00000232494.1	18	1	20	0
ENSG00000260564.1	152	68	4	104
ENSG00000279715.1	0	0	0	0
ENSG00000280366.1	0	0	32	0
ENSG00000230945.1	0	0	19	0
ENSG00000236521.1	114	0	0	0
ENSG00000232981.1	5	45	54	0
ENSG00000225901.1	25	37	12	1
ENSG00000234637.1	12	0	3	0
ENSG00000226798.1	34	0	30	0
ENSG00000228375.1	3	6	0	3
ENSG00000237072.1	0	14	24	1
ENSG00000196781.16	18	163	57	32
ENSG00000233926.1	0	2	93	26
ENSG00000207206.1	0	0	0	0
ENSG00000252167.1	0	0	0	0
ENSG00000200969.1	0	0	0	0
ENSG00000240632.6	188	11	3	91
ENSG00000230846.1	3	0	0	0
ENSG00000189357.9	0	0	0	0
ENSG00000267559.5	56	16	23	2
ENSG00000186788.14	0	0	0	0
ENSG00000237770.2	0	0	0	0
ENSG00000228430.9	47	28	12	40
ENSG00000214929.4	0	0	0	0
ENSG00000231649.3	0	0	0	0
ENSG00000230360.1	0	0	0	0
ENSG00000235377.1	0	0	0	0
ENSG00000225085.1	0	0	0	0
ENSG00000228046.2	0	0	0	0
ENSG00000228123.4	0	0	0	0
ENSG00000232749.2	0	0	0	0
ENSG00000278988.1	0	0	0	0
ENSG00000286612.1	0	0	0	0
ENSG00000233309.1	0	0	0	0
ENSG00000165105.10	2	0	60	51
ENSG00000286451.1	0	0	39	0
ENSG00000251776.1	0	1	0	0
ENSG00000273806.1	0	0	0	0
ENSG00000229109.2	8	22	0	80
ENSG00000172159.16	348	7	14	62
ENSG00000237529.2	0	0	0	0
ENSG00000251752.1	0	0	0	0
ENSG00000199483.1	0	0	0	0
ENSG00000148057.16	3	75	30	16
ENSG00000135018.14	58	183	34	2
ENSG00000254473.2	0	1	0	0
ENSG00000165113.13	179	1	0	3
ENSG00000226877.9	8	0	12	0
ENSG00000231616.9	0	0	0	0
ENSG00000165115.15	57	4	29	25
ENSG00000165118.15	84	0	0	130
ENSG00000165119.21	14	86	0	0
ENSG00000284179.1	0	0	0	0
ENSG00000235298.1	0	0	0	0
ENSG00000178966.17	1	168	132	92
ENSG00000202523.1	0	0	0	0
ENSG00000227463.3	129	25	1	136
ENSG00000270166.1	0	0	0	0
ENSG00000197506.8	12	0	2	6
ENSG00000233262.1	0	0	0	0
ENSG00000285987.1	3	136	179	4
ENSG00000228095.3	0	0	0	0
ENSG00000148053.18	281	18	144	5
ENSG00000226590.1	0	1	0	0
ENSG00000285556.1	50	11	0	0
ENSG00000287930.1	0	49	0	67
ENSG00000285634.3	39	48	1	0
ENSG00000227412.1	45	0	46	20
ENSG00000135049.16	62	1	122	67
ENSG00000234424.2	36	0	1	4
ENSG00000229454.1	0	0	0	0
ENSG00000230303.6	2	0	4	0
ENSG00000165121.12	15	36	5	45
ENSG00000289214.1	10	27	34	0
ENSG00000213711.3	0	0	1	0
ENSG00000231741.2	0	35	0	55
ENSG00000135040.16	5	306	4	19
ENSG00000135052.16	1	77	1	6
ENSG00000287333.1	0	48	0	25
ENSG00000233713.2	1	0	0	0
ENSG00000187753.13	0	17	0	1
ENSG00000270688.1	0	0	0	0
ENSG00000223012.1	0	0	0	0
ENSG00000135070.15	7	16	5	0
ENSG00000083223.18	1	89	1	0
ENSG00000214908.3	0	15	0	0
ENSG00000235819.2	0	0	0	1
ENSG00000222293.1	0	0	0	0
ENSG00000232211.1	0	0	0	1
ENSG00000285686.1	14	0	0	33
ENSG00000288575.1	33	13	107	0
ENSG00000180447.7	72	119	18	0
ENSG00000226237.3	56	64	61	39
ENSG00000269994.3	3	0	67	65
ENSG00000231007.5	0	0	0	0
ENSG00000224887.1	48	0	0	0
ENSG00000204446.4	0	165	1	0
ENSG00000288903.1	101	0	92	1
ENSG00000212421.1	0	0	0	0
ENSG00000289166.1	0	0	0	10
ENSG00000288968.1	0	0	1	0
ENSG00000228373.2	1	3	0	0
ENSG00000286842.1	2	74	0	52
ENSG00000196730.13	3	28	30	3
ENSG00000219928.2	0	0	0	0
ENSG00000236709.1	0	0	0	0
ENSG00000135047.16	30	97	1	12
ENSG00000237747.1	2	0	35	0
ENSG00000188029.8	33	18	13	46
ENSG00000276478.1	0	13	21	5
ENSG00000237743.3	0	1	45	2
ENSG00000232743.2	0	0	0	0
ENSG00000277357.1	0	0	0	0
ENSG00000234575.2	32	8	3	58
ENSG00000233884.2	0	2	46	61
ENSG00000214888.3	0	0	75	0
ENSG00000234460.2	0	14	0	13
ENSG00000177992.10	131	181	131	4
ENSG00000230246.7	2	89	111	100
ENSG00000289459.1	2	20	0	0
ENSG00000238110.1	40	0	0	0
ENSG00000283205.1	0	0	3	0
ENSG00000156345.18	2	2	1	40
ENSG00000271923.1	0	0	0	0
ENSG00000217716.3	23	16	10	7
ENSG00000287750.2	48	28	67	0
ENSG00000225385.3	0	0	0	0
ENSG00000177910.9	24	90	189	197
ENSG00000276535.1	21	0	0	50
ENSG00000279154.1	1	0	0	0
ENSG00000204429.4	0	1	2	2
ENSG00000229288.1	18	0	42	0
ENSG00000226327.3	0	0	33	0
ENSG00000287769.1	0	0	19	1
ENSG00000106723.17	129	89	193	5
ENSG00000275017.1	0	0	0	0
ENSG00000227638.2	0	0	0	0
ENSG00000231804.1	0	10	0	17
ENSG00000130045.17	1	17	36	52
ENSG00000228189.5	99	11	52	30
ENSG00000286414.1	77	16	102	20
ENSG00000265873.1	0	0	0	0
ENSG00000225856.2	0	1	0	1
ENSG00000228658.1	0	23	0	10
ENSG00000213694.6	246	0	416	0
ENSG00000148082.10	293	42	14	1
ENSG00000224945.1	0	0	0	0
ENSG00000123975.5	23	0	0	0
ENSG00000265112.1	0	0	0	0
ENSG00000187742.15	1	2	279	14
ENSG00000187764.12	9	4	1	51
ENSG00000231799.2	0	0	0	0
ENSG00000225460.1	0	0	0	0
ENSG00000285907.1	17	58	0	1
ENSG00000130222.11	15	0	44	0
ENSG00000237372.4	3	78	20	129
ENSG00000236507.2	0	0	0	0
ENSG00000226206.1	1	6	0	33
ENSG00000237626.2	34	43	96	3
ENSG00000227555.1	1	106	0	0
ENSG00000263967.1	0	0	0	0
ENSG00000234910.2	38	0	0	0
ENSG00000278382.1	0	1	0	0
ENSG00000279503.1	0	13	0	20
ENSG00000185074.7	0	0	1	43
ENSG00000225072.1	18	0	0	0
ENSG00000231107.2	19	2	3	3
ENSG00000229613.2	3	9	16	58
ENSG00000165023.7	10	0	0	32
ENSG00000236316.2	36	0	0	25
ENSG00000270432.1	24	0	39	52
ENSG00000165025.15	76	20	262	332
ENSG00000287212.1	37	0	0	0
ENSG00000228216.1	0	2	0	5
ENSG00000260454.2	41	0	0	1
ENSG00000237422.3	112	44	0	108
ENSG00000230537.2	0	1	1	0
ENSG00000229694.8	0	0	0	0
ENSG00000235641.5	0	0	0	0
ENSG00000230147.2	0	0	0	0
ENSG00000289123.1	0	0	0	0
ENSG00000273381.1	0	0	0	0
ENSG00000148090.12	31	2	2	6
ENSG00000165030.4	88	0	0	0
ENSG00000233081.1	14	0	19	11
ENSG00000169071.15	16	312	3	230
ENSG00000228595.1	0	0	0	0
ENSG00000266855.1	0	0	0	0
ENSG00000283351.1	0	0	0	0
ENSG00000090054.16	3	189	21	72
ENSG00000227399.1	0	0	0	0
ENSG00000237306.1	0	0	0	0
ENSG00000275756.1	0	0	0	0
ENSG00000232179.1	0	0	0	0
ENSG00000228069.1	0	0	0	0
ENSG00000238288.1	0	0	0	0
ENSG00000240791.1	0	0	0	0
ENSG00000227321.2	0	0	0	0
ENSG00000234537.1	82	0	1	40
ENSG00000225511.7	6	0	29	1
ENSG00000236717.2	0	0	0	0
ENSG00000224809.2	0	64	0	0
ENSG00000276717.2	17	17	53	3
ENSG00000236115.1	0	31	0	7
ENSG00000196305.19	417	1	14	37
ENSG00000281156.1	0	0	0	0
ENSG00000239183.1	0	0	0	0
ENSG00000198000.12	16	13	13	51
ENSG00000188312.14	23	10	3	44
ENSG00000229530.1	0	0	0	0
ENSG00000106809.11	0	0	0	0
ENSG00000127083.8	0	0	0	0
ENSG00000106819.13	0	0	0	0
ENSG00000106823.13	0	0	0	0
ENSG00000264158.1	0	0	0	0
ENSG00000225551.1	0	0	0	0
ENSG00000285650.1	0	0	0	0
ENSG00000127080.10	7	32	48	8
ENSG00000213669.2	23	0	0	5
ENSG00000185963.14	271	139	2	0
ENSG00000288062.1	0	0	0	93
ENSG00000288271.1	0	7	0	6
ENSG00000187984.13	0	0	0	0
ENSG00000252772.1	0	0	0	0
ENSG00000226721.2	0	0	0	0
ENSG00000275318.1	0	0	0	0
ENSG00000127081.14	0	0	0	0
ENSG00000226668.5	0	0	3	0
ENSG00000232843.2	0	0	0	0
ENSG00000188101.5	36	0	5	21
ENSG00000127084.19	124	27	20	1
ENSG00000157303.11	83	1	1	16
ENSG00000223446.2	0	24	0	48
ENSG00000165233.18	21	97	22	0
ENSG00000131669.10	8	25	24	26
ENSG00000203364.2	0	0	0	0
ENSG00000165238.17	25	1	30	16
ENSG00000204352.4	7	17	0	1
ENSG00000200570.1	0	0	0	0
ENSG00000201074.1	0	0	0	0
ENSG00000237385.1	13	0	0	18
ENSG00000188938.17	1	71	0	0
ENSG00000048828.17	1	74	17	17
ENSG00000289031.1	0	0	0	0
ENSG00000197724.11	6	170	3	0
ENSG00000283146.1	0	0	0	0
ENSG00000231990.2	4	48	21	18
ENSG00000265347.1	0	0	0	0
ENSG00000131668.14	0	49	21	0
ENSG00000235601.1	0	0	0	0
ENSG00000158079.16	202	7	176	289
ENSG00000227666.1	0	0	0	0
ENSG00000286834.1	4	0	25	64
ENSG00000286203.1	0	6	0	1
ENSG00000269929.4	0	32	0	0
ENSG00000199165.3	0	0	0	0
ENSG00000199072.3	0	0	0	0
ENSG00000230262.8	3	11	11	2
ENSG00000199133.3	0	0	0	0
ENSG00000175787.17	58	0	12	9
ENSG00000237679.2	0	0	0	0
ENSG00000130950.15	7	115	5	6
ENSG00000232063.2	0	91	0	0
ENSG00000224815.3	0	0	0	0
ENSG00000282886.1	0	0	0	0
ENSG00000148110.17	6	42	22	30
ENSG00000278486.1	0	0	0	0
ENSG00000286850.1	30	34	1	35
ENSG00000224245.1	1	1	3	0
ENSG00000202445.1	0	0	0	0
ENSG00000231806.4	39	12	0	7
ENSG00000130957.5	0	0	0	0
ENSG00000165140.12	26	46	98	111
ENSG00000288023.1	0	32	0	18
ENSG00000148120.18	46	19	31	301
ENSG00000252153.1	0	0	0	0
ENSG00000230815.1	0	0	0	0
ENSG00000236095.1	0	0	0	0
ENSG00000224764.1	0	0	0	0
ENSG00000285807.1	0	0	0	0
ENSG00000274115.1	0	0	0	0
ENSG00000207563.1	0	0	0	0
ENSG00000207864.3	0	0	0	0
ENSG00000207617.4	0	0	0	0
ENSG00000284459.1	0	0	0	0
ENSG00000158169.14	71	1	8	2
ENSG00000229065.1	0	0	0	0
ENSG00000223849.1	0	0	0	0
ENSG00000251884.1	0	0	0	0
ENSG00000230221.2	0	0	0	0
ENSG00000271384.1	0	0	0	0
ENSG00000213761.4	0	0	0	0
ENSG00000185920.18	18	160	3	1
ENSG00000271314.1	0	0	0	0
ENSG00000271155.1	0	0	0	0
ENSG00000271659.1	0	0	0	0
ENSG00000229345.2	35	64	0	48
ENSG00000228142.3	6	0	0	2
ENSG00000227358.1	0	0	0	0
ENSG00000175611.13	3	56	3	0
ENSG00000268926.3	0	0	0	0
ENSG00000252847.1	0	0	0	0
ENSG00000182150.19	29	3	8	132
ENSG00000199202.1	0	0	0	0
ENSG00000237631.2	0	0	0	0
ENSG00000225194.4	0	0	0	0
ENSG00000237212.2	0	0	0	0
ENSG00000201938.1	0	0	0	0
ENSG00000275465.7	0	0	0	0
ENSG00000287187.1	0	0	0	46
ENSG00000224546.2	0	3	0	61
ENSG00000130948.10	0	0	0	0
ENSG00000285269.2	0	1	0	39
ENSG00000232283.1	0	0	0	0
ENSG00000207276.1	0	0	0	0
ENSG00000130958.13	1	30	45	6
ENSG00000165244.7	0	169	1	234
ENSG00000238251.2	0	0	0	0
ENSG00000286835.1	0	0	0	0
ENSG00000287302.1	18	18	0	0
ENSG00000130956.14	69	22	6	17
ENSG00000081377.17	4	1	5	2
ENSG00000158122.12	67	2	0	1
ENSG00000224848.3	0	0	1	42
ENSG00000233820.2	0	0	0	0
ENSG00000081386.13	21	0	0	9
ENSG00000196597.13	6	0	145	65
ENSG00000196312.15	0	3	34	0
ENSG00000269907.1	0	0	0	0
ENSG00000227257.1	0	0	0	0
ENSG00000188152.13	0	0	0	0
ENSG00000236745.2	0	0	0	0
ENSG00000136943.12	6	93	2	88
ENSG00000197214.5	0	0	0	0
ENSG00000228376.3	0	0	0	0
ENSG00000228038.1	0	0	0	0
ENSG00000213612.3	0	0	0	0
ENSG00000277103.1	0	0	0	0
ENSG00000159712.10	221	4	9	142
ENSG00000252721.1	0	0	0	0
ENSG00000242375.1	0	0	0	0
ENSG00000188801.9	0	0	0	0
ENSG00000203279.5	27	0	16	0
ENSG00000289356.1	0	0	0	0
ENSG00000235494.2	0	0	0	0
ENSG00000254876.5	0	0	0	0
ENSG00000255036.6	0	0	10	10
ENSG00000254483.1	0	0	0	0
ENSG00000254633.2	0	0	0	0
ENSG00000197816.16	0	0	0	0
ENSG00000221269.1	0	0	0	0
ENSG00000228957.1	0	123	7	2
ENSG00000286375.1	0	0	0	24
ENSG00000196116.8	10	230	0	2
ENSG00000136842.14	116	1	0	0
ENSG00000228174.7	0	0	0	0
ENSG00000136925.15	43	0	0	41
ENSG00000136937.13	354	0	301	26
ENSG00000231521.1	0	0	0	0
ENSG00000136936.11	0	0	0	48
ENSG00000214417.4	0	25	0	0
ENSG00000236130.2	7	23	9	4
ENSG00000260677.1	0	0	0	0
ENSG00000178919.9	0	67	0	58
ENSG00000136932.15	2	0	17	77
ENSG00000201830.1	0	0	0	0
ENSG00000287070.1	0	0	0	0
ENSG00000136929.13	26	18	93	80
ENSG00000136938.9	0	0	0	0
ENSG00000236896.1	0	0	0	0
ENSG00000212521.1	0	0	0	0
ENSG00000095380.11	12	0	0	0
ENSG00000106785.15	11	1	49	0
ENSG00000274011.1	0	0	0	0
ENSG00000106789.13	29	0	0	243
ENSG00000095383.20	84	55	0	214
ENSG00000278412.1	0	0	0	0
ENSG00000224001.2	0	0	0	0
ENSG00000136928.7	352	11	393	30
ENSG00000229897.2	0	0	0	0
ENSG00000165138.18	23	2	38	67
ENSG00000285706.1	0	0	0	83
ENSG00000119514.7	2	0	0	8
ENSG00000267026.5	0	0	14	1
ENSG00000229338.1	8	4	2	1
ENSG00000204291.11	37	4	490	2
ENSG00000270412.1	0	0	0	0
ENSG00000106799.13	51	0	0	16
ENSG00000252942.1	0	0	0	0
ENSG00000227269.1	18	0	10	0
ENSG00000240235.3	2	2	4	0
ENSG00000119523.10	38	0	0	0
ENSG00000106803.10	0	1	0	0
ENSG00000222337.1	0	0	0	12
ENSG00000255815.3	39	0	0	0
ENSG00000271086.7	1	14	30	0
ENSG00000277828.1	0	0	0	0
ENSG00000287955.1	0	0	0	0
ENSG00000277465.1	0	0	0	0
ENSG00000237461.2	0	0	0	0
ENSG00000255145.3	1	93	0	39
ENSG00000234860.2	0	0	0	0
ENSG00000119508.18	0	0	0	0
ENSG00000136874.11	3	0	1	0
ENSG00000254571.1	0	0	0	0
ENSG00000023318.9	16	4	5	42
ENSG00000234709.2	0	0	0	0
ENSG00000119509.13	23	3	162	1
ENSG00000239908.3	0	0	0	0
ENSG00000238172.2	0	0	0	0
ENSG00000270995.1	0	0	0	0
ENSG00000231697.3	0	0	0	0
ENSG00000136891.14	0	0	27	30
ENSG00000066697.15	19	0	60	2
ENSG00000251349.3	0	0	0	1
ENSG00000241697.5	0	0	0	0
ENSG00000170681.7	0	0	78	94
ENSG00000200966.1	0	0	0	0
ENSG00000237999.2	0	2	0	0
ENSG00000230161.1	15	11	20	0
ENSG00000229541.2	11	10	12	0
ENSG00000148123.15	30	4	1	26
ENSG00000238143.1	0	0	0	0
ENSG00000253041.1	0	0	0	0
ENSG00000227411.1	29	39	0	0
ENSG00000136881.12	1	15	2	56
ENSG00000236763.2	0	0	0	0
ENSG00000230328.2	0	0	0	0
ENSG00000234502.2	0	0	0	0
ENSG00000136897.8	100	1	1	94
ENSG00000136870.11	0	0	186	35
ENSG00000136872.21	0	0	0	33
ENSG00000270982.1	0	0	0	0
ENSG00000225376.6	1	1	14	0
ENSG00000165152.9	20	4	5	1
ENSG00000233055.1	0	0	0	0
ENSG00000155827.12	0	3	54	14
ENSG00000198785.7	3	412	298	2
ENSG00000188386.8	0	0	0	0
ENSG00000230302.2	3	3	0	6
ENSG00000230418.2	4	20	0	0
ENSG00000238882.1	0	0	0	0
ENSG00000286243.1	1	0	2	0
ENSG00000289079.1	1	74	0	1
ENSG00000235901.2	0	1	0	68
ENSG00000204250.3	12	1	0	3
ENSG00000232242.2	0	0	0	0
ENSG00000234269.2	3	0	31	27
ENSG00000155833.15	20	11	0	65
ENSG00000229830.1	0	0	0	0
ENSG00000225564.6	28	209	7	45
ENSG00000226566.2	31	3	31	37
ENSG00000253031.1	0	0	0	0
ENSG00000285483.1	0	14	0	0
ENSG00000270332.3	1	8	52	14
ENSG00000136824.19	83	60	67	76
ENSG00000242111.1	53	0	25	0
ENSG00000203396.3	0	0	58	0
ENSG00000186881.3	0	5	1	36
ENSG00000283001.2	3	0	0	0
ENSG00000148136.5	0	0	0	0
ENSG00000204246.4	0	0	0	0
ENSG00000186943.1	24	2	42	24
ENSG00000237443.1	30	0	0	0
ENSG00000277556.1	32	1	46	0
ENSG00000276119.1	24	0	12	0
ENSG00000136839.1	3	43	0	0
ENSG00000273423.1	0	0	0	1
ENSG00000235248.3	0	0	48	130
ENSG00000179055.8	0	0	24	35
ENSG00000188712.4	0	38	0	0
ENSG00000136783.10	94	4	95	60
ENSG00000165028.12	65	76	68	31
ENSG00000165029.17	2	11	17	5
ENSG00000226334.1	0	1	5	0
ENSG00000230013.2	59	0	0	5
ENSG00000286536.1	3	19	181	211
ENSG00000201583.1	0	0	0	0
ENSG00000070214.16	223	2	1	591
ENSG00000289227.1	0	0	0	0
ENSG00000106701.13	6	21	233	16
ENSG00000229419.1	0	0	0	0
ENSG00000228317.2	0	19	0	28
ENSG00000106692.15	0	35	111	20
ENSG00000279609.1	0	36	0	2
ENSG00000186051.7	0	0	10	11
ENSG00000095209.12	2	251	39	0
ENSG00000228366.1	0	0	0	0
ENSG00000232486.1	0	0	0	0
ENSG00000228948.2	38	43	10	0
ENSG00000234323.9	34	75	37	67
ENSG00000225002.2	0	0	0	0
ENSG00000229297.1	0	0	0	0
ENSG00000277889.1	0	0	0	0
ENSG00000237062.2	0	0	0	0
ENSG00000200131.1	0	0	0	0
ENSG00000228143.2	0	0	0	0
ENSG00000212276.1	0	0	0	0
ENSG00000148143.13	3	2	1	33
ENSG00000230782.1	0	5	1	17
ENSG00000231562.1	0	0	0	0
ENSG00000223615.2	0	0	0	0
ENSG00000225531.1	33	32	4	0
ENSG00000226047.1	5	0	7	12
ENSG00000226535.1	0	0	26	59
ENSG00000119318.13	0	97	48	2
ENSG00000226825.2	35	12	0	9
ENSG00000287233.1	0	0	0	0
ENSG00000213558.3	0	0	0	0
ENSG00000199905.1	0	0	0	0
ENSG00000136826.15	87	88	0	23
ENSG00000236005.1	23	20	10	0
ENSG00000227350.1	0	20	9	0
ENSG00000202308.1	0	0	0	0
ENSG00000222558.1	0	0	0	0
ENSG00000244104.3	1	0	0	3
ENSG00000231293.1	0	4	7	7
ENSG00000233727.1	0	0	0	0
ENSG00000222459.1	0	0	0	0
ENSG00000236783.1	0	4	0	3
ENSG00000213557.4	0	0	1	0
ENSG00000237360.2	0	17	0	0
ENSG00000230030.1	0	0	0	0
ENSG00000169253.3	5	1	0	6
ENSG00000231678.2	0	0	9	25
ENSG00000231810.1	0	0	0	3
ENSG00000213556.3	0	3	0	0
ENSG00000148156.8	0	53	16	0
ENSG00000187003.7	0	0	0	0
ENSG00000070061.16	0	56	16	566
ENSG00000119328.12	6	6	3	0
ENSG00000119326.15	39	22	91	10
ENSG00000106771.13	392	2	183	4
ENSG00000199331.1	0	0	0	0
ENSG00000207698.1	0	0	0	0
ENSG00000260230.5	91	48	16	11
ENSG00000095203.15	2	1	5	84
ENSG00000200106.1	0	0	0	0
ENSG00000237124.1	0	0	0	0
ENSG00000207329.1	0	0	0	0
ENSG00000070159.14	499	220	0	626
ENSG00000157654.19	9	9	441	8
ENSG00000263861.1	0	0	0	0
ENSG00000213539.4	0	0	0	0
ENSG00000232939.2	0	0	0	0
ENSG00000228053.1	0	0	0	0
ENSG00000188959.10	0	9	105	22
ENSG00000136810.13	38	0	4	0
ENSG00000204193.11	0	3	36	102
ENSG00000165124.19	39	278	2	476
ENSG00000206658.1	0	0	0	0
ENSG00000232896.1	13	24	4	9
ENSG00000030304.15	5	76	24	0
ENSG00000223918.1	0	0	0	0
ENSG00000198121.15	14	23	66	3
ENSG00000206923.1	0	0	0	0
ENSG00000207401.1	0	0	0	0
ENSG00000212409.1	0	0	0	0
ENSG00000227531.1	2	0	35	41
ENSG00000274263.1	0	0	0	0
ENSG00000171133.4	8	0	74	0
ENSG00000136813.15	212	187	12	13
ENSG00000223238.1	0	0	0	0
ENSG00000173258.13	7	1	0	7
ENSG00000106853.20	9	38	0	0
ENSG00000224644.1	0	0	0	0
ENSG00000204173.11	9	56	59	22
ENSG00000059769.20	0	0	0	0
ENSG00000244115.1	0	5	3	0
ENSG00000242616.4	0	0	0	0
ENSG00000165181.17	0	13	129	7
ENSG00000224067.2	14	21	0	3
ENSG00000206907.1	0	0	0	0
ENSG00000148154.10	0	3	32	4
ENSG00000266315.1	0	0	0	0
ENSG00000222356.1	0	0	0	0
ENSG00000259953.2	0	0	227	178
ENSG00000106868.17	4	6	125	1
ENSG00000222327.1	0	0	0	0
ENSG00000200261.1	0	0	0	0
ENSG00000225513.1	0	0	0	0
ENSG00000119314.16	22	145	276	68
ENSG00000242256.3	0	0	0	0
ENSG00000199525.1	0	0	0	0
ENSG00000243911.3	0	0	0	0
ENSG00000230081.2	0	0	0	0
ENSG00000213529.3	18	0	0	0
ENSG00000119471.15	0	0	0	5
ENSG00000230185.6	0	0	0	8
ENSG00000165185.15	1	2	408	6
ENSG00000250068.1	0	0	0	0
ENSG00000148153.14	14	7	0	3
ENSG00000226609.2	0	0	0	0
ENSG00000148158.17	4	2	142	10
ENSG00000119457.8	98	107	0	0
ENSG00000271631.1	0	0	0	0
ENSG00000228623.7	12	3	2	3
ENSG00000237906.1	0	0	0	0
ENSG00000136866.14	61	1	2	1
ENSG00000285115.1	5	3	8	5
ENSG00000284763.1	7	3	4	1
ENSG00000284962.1	9	3	5	5
ENSG00000285076.1	3	3	6	3
ENSG00000284867.1	3	2	8	11
ENSG00000285370.1	7	0	5	7
ENSG00000225684.4	75	10	103	132
ENSG00000231528.3	46	9	163	136
ENSG00000136867.11	0	0	1	0
ENSG00000119321.10	143	1	1	27
ENSG00000136868.11	1	0	0	3
ENSG00000176386.9	4	2	2	0
ENSG00000136875.13	16	199	47	29
ENSG00000165188.14	0	2	28	59
ENSG00000148225.16	3	17	316	81
ENSG00000119411.11	1	1	161	19
ENSG00000119431.10	44	1	0	0
ENSG00000148218.16	0	21	11	40
ENSG00000148229.13	0	0	0	0
ENSG00000157653.12	15	28	114	75
ENSG00000138835.23	25	0	4	172
ENSG00000237073.1	0	0	0	0
ENSG00000282897.1	0	5	28	131
ENSG00000233817.1	0	19	0	0
ENSG00000227482.1	0	0	64	0
ENSG00000214669.3	0	0	0	11
ENSG00000232905.2	23	0	0	0
ENSG00000157657.15	1	13	7	34
ENSG00000106927.12	1	0	0	19
ENSG00000136883.16	228	3	59	24
ENSG00000196739.15	3	0	19	2
ENSG00000207726.3	0	0	0	0
ENSG00000229314.6	1	6	1	3
ENSG00000228278.5	1	57	0	20
ENSG00000106948.17	2	188	25	54
ENSG00000235119.1	0	0	0	2
ENSG00000095397.16	67	5	1	126
ENSG00000271214.1	0	0	0	0
ENSG00000235797.2	0	4	7	0
ENSG00000136888.8	0	16	44	120
ENSG00000157693.15	38	301	2	59
ENSG00000201749.1	0	0	0	0
ENSG00000230054.3	0	0	0	0
ENSG00000230601.7	0	1	19	14
ENSG00000230284.1	15	0	12	2
ENSG00000274919.1	9	4	3	6
ENSG00000181634.8	128	0	1	0
ENSG00000229817.1	71	0	102	30
ENSG00000173077.16	16	6	3	5
ENSG00000106952.8	0	0	0	0
ENSG00000041982.16	0	0	0	0
ENSG00000236461.1	0	0	0	0
ENSG00000234692.1	0	0	0	0
ENSG00000228714.4	48	35	44	8
ENSG00000274755.1	0	0	0	0
ENSG00000204148.3	14	18	1	8
ENSG00000228707.1	0	31	0	5
ENSG00000182752.10	22	17	16	29
ENSG00000226604.2	0	0	0	0
ENSG00000244757.1	0	0	0	0
ENSG00000256040.2	0	0	0	0
ENSG00000148219.18	141	8	371	278
ENSG00000229105.1	0	0	0	0
ENSG00000230894.2	0	0	0	0
ENSG00000119401.11	0	0	0	0
ENSG00000285820.1	0	0	0	0
ENSG00000230734.1	0	0	0	0
ENSG00000207268.1	0	0	0	0
ENSG00000201140.1	0	0	0	0
ENSG00000222413.1	0	0	0	0
ENSG00000233516.1	0	34	37	11
ENSG00000233569.2	9	11	9	15
ENSG00000235133.1	0	3	8	0
ENSG00000285082.2	12	4	6	9
ENSG00000136869.16	0	0	0	0
ENSG00000201444.1	0	0	0	0
ENSG00000284977.2	0	0	0	0
ENSG00000231901.1	0	0	0	0
ENSG00000234782.3	14	0	1	1
ENSG00000225050.2	3	1	0	11
ENSG00000235201.1	0	2	4	2
ENSG00000231166.2	0	21	0	0
ENSG00000078725.13	3	36	34	6
ENSG00000260970.1	71	1	0	0
ENSG00000261432.1	18	0	142	56
ENSG00000225960.1	20	2	7	0
ENSG00000207814.1	0	0	0	0
ENSG00000136861.19	189	339	227	3
ENSG00000106780.9	2	13	369	8
ENSG00000238181.2	55	33	0	51
ENSG00000119402.18	374	7	136	0
ENSG00000214654.9	0	0	37	0
ENSG00000270917.1	1	5	7	0
ENSG00000095261.14	0	32	2	32
ENSG00000226752.10	0	0	0	23
ENSG00000119403.15	33	0	0	10
ENSG00000056558.11	54	22	123	58
ENSG00000106804.9	1	34	64	479
ENSG00000119397.19	19	0	2	144
ENSG00000119396.11	120	0	113	58
ENSG00000243738.3	0	0	0	0
ENSG00000148180.21	23	43	64	0
ENSG00000214651.4	0	0	0	0
ENSG00000239593.1	0	0	0	0
ENSG00000235865.2	0	0	0	0
ENSG00000148175.13	0	47	11	66
ENSG00000227355.4	6	21	10	34
ENSG00000204136.12	0	1	0	0
ENSG00000240299.3	0	0	0	0
ENSG00000213467.4	31	9	21	0
ENSG00000136848.18	266	4	54	57
ENSG00000229854.1	0	0	0	0
ENSG00000175764.17	6	69	60	159
ENSG00000266583.1	0	0	0	0
ENSG00000119421.7	0	1	12	1
ENSG00000185681.13	12	1	1	14
ENSG00000106852.16	133	122	0	2
ENSG00000119446.14	1	1	0	0
ENSG00000148187.18	8	26	19	73
ENSG00000095303.17	51	26	0	13
ENSG00000269970.1	0	0	0	0
ENSG00000233616.2	0	5	2	2
ENSG00000234156.3	1	4	3	2
ENSG00000136834.3	0	0	0	0
ENSG00000197233.7	0	0	0	0
ENSG00000239590.1	0	0	0	0
ENSG00000171505.5	0	0	0	0
ENSG00000171501.10	0	0	0	0
ENSG00000171496.5	0	0	0	0
ENSG00000228914.2	0	0	0	0
ENSG00000165202.3	0	0	0	0
ENSG00000280094.2	0	0	0	0
ENSG00000173679.2	20	0	0	0
ENSG00000171481.5	0	8	25	0
ENSG00000226783.1	83	13	0	3
ENSG00000136939.1	0	2	1	0
ENSG00000171459.4	28	0	29	11
ENSG00000232387.2	14	1	0	0
ENSG00000148215.4	0	47	0	0
ENSG00000136940.14	1	74	36	1
ENSG00000165204.3	0	0	0	0
ENSG00000233425.1	27	57	2	0
ENSG00000056586.16	0	278	33	14
ENSG00000212447.1	0	0	0	0
ENSG00000186130.5	165	197	0	213
ENSG00000171448.9	0	82	0	39
ENSG00000261094.2	0	0	0	0
ENSG00000286718.2	6	0	0	15
ENSG00000011454.18	2	1	3	0
ENSG00000222351.1	0	0	0	0
ENSG00000213216.2	0	0	0	0
ENSG00000188394.8	0	0	0	0
ENSG00000225078.2	0	0	0	0
ENSG00000236901.6	0	0	0	0
ENSG00000165209.19	22	35	63	157
ENSG00000283941.1	0	0	0	0
ENSG00000148204.12	198	207	0	1
ENSG00000119522.17	34	18	4	9
ENSG00000207991.1	0	0	0	0
ENSG00000274932.1	0	0	0	0
ENSG00000237336.1	0	0	0	0
ENSG00000230826.1	0	0	0	0
ENSG00000229115.1	0	0	0	0
ENSG00000234881.1	0	0	0	0
ENSG00000106689.11	84	1	2	31
ENSG00000236668.3	0	0	0	0
ENSG00000231227.1	0	0	0	0
ENSG00000234921.1	0	0	0	0
ENSG00000119408.17	99	2	43	4
ENSG00000235204.1	0	0	0	0
ENSG00000227200.1	0	0	0	0
ENSG00000136930.13	0	20	10	0
ENSG00000180264.12	1	27	0	0
ENSG00000136931.10	7	0	8	0
ENSG00000231149.2	1	0	0	0
ENSG00000148200.17	43	49	261	27
ENSG00000231744.1	0	0	0	0
ENSG00000241246.3	0	0	0	0
ENSG00000224020.2	0	0	0	0
ENSG00000207595.1	0	0	0	0
ENSG00000207737.1	0	0	0	0
ENSG00000236643.1	0	26	0	8
ENSG00000185585.20	80	71	2	2
ENSG00000136918.8	87	90	34	128
ENSG00000136942.15	0	0	0	0
ENSG00000136950.13	0	0	0	0
ENSG00000289285.1	0	0	0	0
ENSG00000136935.14	21	1	0	0
ENSG00000199313.1	0	0	0	0
ENSG00000173611.18	26	11	45	2
ENSG00000177736.4	0	0	0	0
ENSG00000119414.12	74	19	11	31
ENSG00000232630.1	0	0	0	0
ENSG00000235332.2	36	0	31	2
ENSG00000136933.17	5	27	173	65
ENSG00000044574.9	0	0	0	1
ENSG00000239705.2	0	0	10	0
ENSG00000165219.23	416	0	96	392
ENSG00000214593.3	0	0	0	0
ENSG00000200554.1	0	0	0	0
ENSG00000227845.2	14	0	1	0
ENSG00000274510.1	0	0	0	0
ENSG00000287782.1	9	0	4	2
ENSG00000119487.17	6	192	44	31
ENSG00000243845.3	0	0	0	0
ENSG00000227068.1	0	0	0	0
ENSG00000214761.3	0	0	0	0
ENSG00000229582.3	0	0	100	0
ENSG00000167081.18	35	36	2	3
ENSG00000232413.1	1	1	1	1
ENSG00000288537.1	51	0	84	0
ENSG00000228392.3	15	112	14	172
ENSG00000196814.15	2	5	31	38
ENSG00000253079.1	0	0	0	0
ENSG00000252985.1	0	0	0	0
ENSG00000233721.1	8	0	0	0
ENSG00000279137.1	102	76	87	0
ENSG00000226078.1	7	1	0	1
ENSG00000224842.2	22	35	19	0
ENSG00000136944.19	5	4	19	275
ENSG00000238010.1	0	0	0	0
ENSG00000286428.1	0	121	33	2
ENSG00000169155.10	1	0	0	206
ENSG00000288995.1	0	0	0	0
ENSG00000177125.6	0	270	0	205
ENSG00000136828.19	59	6	14	85
ENSG00000136859.10	0	0	0	0
ENSG00000228487.2	0	0	0	0
ENSG00000136895.19	13	27	45	2
ENSG00000229369.1	0	0	0	0
ENSG00000271833.1	0	0	0	0
ENSG00000136856.18	8	105	1	22
ENSG00000196152.10	4	18	106	0
ENSG00000197958.13	4	3	0	0
ENSG00000201302.1	0	0	0	0
ENSG00000148356.15	34	7	4	175
ENSG00000200788.1	0	0	0	0
ENSG00000136830.12	0	2	2	10
ENSG00000136854.24	0	212	25	1
ENSG00000279571.3	0	0	0	0
ENSG00000187024.15	0	0	0	0
ENSG00000283874.1	0	0	0	0
ENSG00000160401.15	0	0	0	0
ENSG00000167094.16	0	0	17	0
ENSG00000160404.18	0	0	0	0
ENSG00000095370.20	0	17	1	115
ENSG00000286196.1	0	0	0	0
ENSG00000136807.14	19	28	0	93
ENSG00000283863.1	0	0	0	0
ENSG00000284547.1	0	0	0	0
ENSG00000136877.15	83	17	84	17
ENSG00000106991.14	9	162	2	5
ENSG00000225032.5	0	0	0	0
ENSG00000222421.1	0	0	0	0
ENSG00000222455.1	0	0	0	0
ENSG00000106992.19	0	0	0	0
ENSG00000257524.6	14	0	14	0
ENSG00000263979.1	0	0	0	0
ENSG00000160408.16	0	0	0	0
ENSG00000136840.19	0	3	11	16
ENSG00000167103.12	7	8	1	9
ENSG00000227218.7	0	15	0	0
ENSG00000136908.18	0	0	0	0
ENSG00000167106.12	1	22	0	163
ENSG00000230848.1	14	10	0	0
ENSG00000171169.9	0	0	0	180
ENSG00000148339.13	1	236	30	17
ENSG00000230536.1	0	0	0	0
ENSG00000234771.3	0	49	39	1
ENSG00000148334.16	0	59	0	0
ENSG00000232850.3	66	2	0	0
ENSG00000148346.12	30	0	2	7
ENSG00000171159.5	0	0	0	0
ENSG00000148337.22	139	0	17	52
ENSG00000106976.21	2	0	1	0
ENSG00000207581.1	0	0	0	0
ENSG00000264823.3	0	0	0	0
ENSG00000167110.19	5	219	6	2
ENSG00000175854.15	24	9	0	0
ENSG00000167112.10	0	0	34	0
ENSG00000272696.1	0	0	0	0
ENSG00000167113.11	20	2	0	0
ENSG00000167114.13	0	0	93	1
ENSG00000223551.1	0	0	0	0
ENSG00000167118.11	88	0	6	1
ENSG00000207955.5	0	0	50	1
ENSG00000284185.1	0	0	0	0
ENSG00000283335.1	0	0	0	0
ENSG00000167123.20	59	34	0	1
ENSG00000273186.1	0	0	0	0
ENSG00000228510.2	10	1	0	54
ENSG00000136811.17	148	297	0	1
ENSG00000225951.1	0	0	0	0
ENSG00000119392.16	126	0	35	148
ENSG00000228395.2	0	0	1	0
ENSG00000238406.1	0	0	0	0
ENSG00000197694.18	81	22	29	0
ENSG00000280474.1	0	0	0	0
ENSG00000280758.1	0	0	0	0
ENSG00000119333.12	0	0	0	1
ENSG00000227759.2	0	0	0	0
ENSG00000234705.3	6	0	0	4
ENSG00000119335.18	1	0	0	0
ENSG00000160447.7	78	71	0	16
ENSG00000264438.2	0	0	0	0
ENSG00000160446.19	0	1	0	78
ENSG00000223478.2	0	0	8	0
ENSG00000160445.11	6	0	27	7
ENSG00000203286.5	0	0	0	0
ENSG00000107021.16	82	217	20	1
ENSG00000167136.7	27	0	0	26
ENSG00000198917.13	0	0	0	0
ENSG00000286112.1	20	69	17	18
ENSG00000171097.14	0	0	0	0
ENSG00000136802.12	0	53	17	0
ENSG00000175287.19	89	144	12	92
ENSG00000251184.1	1	8	0	3
ENSG00000175283.8	0	0	0	0
ENSG00000095319.14	1	0	503	167
ENSG00000267834.1	0	0	0	0
ENSG00000148341.18	60	1	0	43
ENSG00000148343.19	3	26	10	10
ENSG00000287234.1	10	0	0	2
ENSG00000167130.18	0	22	11	63
ENSG00000095321.18	1	80	26	0
ENSG00000234055.1	0	0	0	0
ENSG00000119383.21	0	0	0	4
ENSG00000235007.3	0	0	0	10
ENSG00000268707.1	0	0	0	0
ENSG00000188483.8	0	0	0	0
ENSG00000204055.5	0	0	0	0
ENSG00000224307.3	0	0	33	9
ENSG00000179082.3	0	0	0	0
ENSG00000268615.1	0	0	0	0
ENSG00000233901.7	29	25	15	7
ENSG00000242281.3	3	0	0	0
ENSG00000236146.2	0	0	0	0
ENSG00000230676.1	0	79	17	82
ENSG00000226355.2	0	0	0	0
ENSG00000204054.14	37	4	1	0
ENSG00000261334.1	0	0	0	0
ENSG00000286078.1	0	0	0	0
ENSG00000227619.3	46	0	61	0
ENSG00000148335.15	1	0	10	0
ENSG00000179058.7	0	0	0	0
ENSG00000148331.12	8	135	45	47
ENSG00000234789.1	0	0	0	0
ENSG00000167157.11	1	14	67	29
ENSG00000236024.1	0	0	0	0
ENSG00000148344.11	45	0	1	1
ENSG00000233909.1	0	11	0	0
ENSG00000136816.16	40	13	0	1
ENSG00000136827.12	0	7	0	0
ENSG00000136819.15	36	23	76	6
ENSG00000136878.14	12	81	22	0
ENSG00000276124.1	0	0	0	0
ENSG00000224988.1	3	11	0	11
ENSG00000288956.1	0	0	0	63
ENSG00000187239.17	15	41	25	4
ENSG00000288924.1	0	0	0	0
ENSG00000230684.1	0	0	0	0
ENSG00000270755.1	4	9	0	7
ENSG00000289226.1	0	0	0	0
ENSG00000148358.20	1	0	35	118
ENSG00000223188.1	0	0	0	0
ENSG00000196979.1	175	86	44	0
ENSG00000107130.10	21	158	114	5
ENSG00000148357.18	211	157	154	594
ENSG00000264169.2	0	0	0	0
ENSG00000130707.18	23	1	5	2
ENSG00000107164.16	1	17	104	197
ENSG00000277713.1	0	0	0	0
ENSG00000232172.1	6	0	0	6
ENSG00000130711.5	52	1	0	97
ENSG00000130713.17	0	24	17	0
ENSG00000097007.19	2	2	0	5
ENSG00000288570.1	0	0	0	0
ENSG00000224797.1	0	0	0	0
ENSG00000188710.3	0	0	13	0
ENSG00000130720.13	6	51	19	1
ENSG00000236658.1	1	1	7	0
ENSG00000050555.19	65	460	1	0
ENSG00000252582.1	0	0	0	0
ENSG00000126878.13	1	185	0	0
ENSG00000126883.19	1	0	22	1
ENSG00000252622.1	0	0	0	0
ENSG00000236986.6	0	0	0	0
ENSG00000246851.1	0	0	0	0
ENSG00000288727.1	0	0	0	0
ENSG00000226987.1	0	0	24	26
ENSG00000126882.13	184	0	0	111
ENSG00000286547.1	0	0	0	3
ENSG00000160539.6	6	199	2	22
ENSG00000285287.1	0	0	0	0
ENSG00000289000.1	4	1	0	0
ENSG00000288701.1	31	146	458	6
ENSG00000288841.1	0	0	0	0
ENSG00000235284.1	0	0	0	0
ENSG00000231587.1	0	0	0	0
ENSG00000176868.3	0	0	0	0
ENSG00000130714.19	0	0	21	216
ENSG00000230289.1	0	0	0	0
ENSG00000130717.13	0	0	50	16
ENSG00000283526.1	0	0	45	0
ENSG00000107263.19	5	286	56	5
ENSG00000240853.3	0	0	0	0
ENSG00000231018.1	0	0	0	0
ENSG00000212395.1	0	0	0	0
ENSG00000236687.1	0	0	29	28
ENSG00000160563.14	6	2	12	44
ENSG00000196358.12	0	35	1	21
ENSG00000107290.14	153	35	0	3
ENSG00000125482.13	0	133	37	86
ENSG00000188523.9	5	46	80	45
ENSG00000252521.1	0	0	0	0
ENSG00000125492.10	37	31	0	1
ENSG00000125485.18	129	31	65	60
ENSG00000125484.12	145	44	272	142
ENSG00000165695.10	2	1	27	1
ENSG00000224992.2	0	0	0	0
ENSG00000165698.16	0	1	0	82
ENSG00000165699.15	334	13	98	30
ENSG00000165702.15	6	0	3	1
ENSG00000263816.1	0	0	0	0
ENSG00000234907.1	0	0	0	0
ENSG00000238558.1	0	0	0	0
ENSG00000196205.8	7	14	17	23
ENSG00000288989.1	0	24	37	0
ENSG00000148308.18	143	0	2	0
ENSG00000273932.1	0	0	0	0
ENSG00000170835.17	92	91	137	0
ENSG00000170827.9	62	39	22	0
ENSG00000160271.16	0	0	0	19
ENSG00000285245.1	0	8	0	15
ENSG00000148288.13	0	0	0	0
ENSG00000171102.16	6	3	18	18
ENSG00000119440.8	17	17	12	0
ENSG00000175164.16	0	9	12	106
ENSG00000201843.1	0	0	0	0
ENSG00000204031.3	3	5	8	0
ENSG00000148296.7	12	7	57	22
ENSG00000201451.1	0	0	0	0
ENSG00000148297.16	101	1	0	0
ENSG00000230064.1	0	0	0	0
ENSG00000148303.17	3	5	6	0
ENSG00000206611.1	0	0	0	0
ENSG00000200831.1	0	0	0	0
ENSG00000199744.1	0	0	0	0
ENSG00000252542.1	0	0	0	0
ENSG00000148290.10	12	0	21	55
ENSG00000148291.10	18	2	0	0
ENSG00000148248.14	9	0	1	41
ENSG00000198870.8	76	0	1	0
ENSG00000148300.12	0	9	18	0
ENSG00000160323.19	0	41	2	181
ENSG00000160325.15	50	0	10	96
ENSG00000160326.14	1	0	0	0
ENSG00000187616.5	0	29	10	66
ENSG00000197859.11	3	76	262	45
ENSG00000196990.9	38	1	0	47
ENSG00000261018.1	0	0	1	84
ENSG00000123454.12	1	3	46	189
ENSG00000225756.1	0	0	0	0
ENSG00000123453.19	189	22	310	1
ENSG00000160293.17	7	28	5	7
ENSG00000235106.10	45	24	0	39
ENSG00000169925.17	2	21	54	71
ENSG00000235138.1	0	0	0	0
ENSG00000271525.1	25	3	1	7
ENSG00000273249.1	0	7	28	4
ENSG00000196363.10	20	2	151	31
ENSG00000221676.1	0	0	0	0
ENSG00000273473.1	21	3	4	5
ENSG00000289220.1	32	58	0	31
ENSG00000223729.1	0	13	0	20
ENSG00000279929.1	106	15	76	0
ENSG00000186350.12	5	2	30	23
ENSG00000263897.1	0	0	0	0
ENSG00000223795.2	17	2	0	0
ENSG00000228877.2	24	0	1	0
ENSG00000227150.1	0	0	0	0
ENSG00000130635.16	350	41	27	6
ENSG00000204011.5	0	0	0	0
ENSG00000286502.1	0	0	0	0
ENSG00000264744.1	0	0	0	0
ENSG00000265872.1	0	0	0	0
ENSG00000265848.1	0	0	0	0
ENSG00000264163.1	0	0	0	0
ENSG00000264136.1	0	0	0	0
ENSG00000266827.1	0	0	0	0
ENSG00000266514.1	0	0	0	0
ENSG00000232355.2	0	2	0	0
ENSG00000160339.16	106	99	0	22
ENSG00000085265.12	407	452	0	16
ENSG00000236403.2	24	0	0	20
ENSG00000279935.1	135	96	153	0
ENSG00000130558.20	21	1	2	2
ENSG00000227958.1	17	22	9	27
ENSG00000233936.1	15	19	1	1
ENSG00000178243.4	0	93	105	31
ENSG00000235572.3	0	0	36	0
ENSG00000224682.1	69	0	0	9
ENSG00000225361.4	9	0	0	1
ENSG00000196422.11	0	253	0	0
ENSG00000160345.13	0	1	24	19
ENSG00000122140.12	6	33	5	12
ENSG00000226706.1	0	26	5	0
ENSG00000160349.10	54	51	18	26
ENSG00000122136.14	51	0	51	2
ENSG00000122133.17	1	36	96	0
ENSG00000237339.5	49	133	1	11
ENSG00000224045.1	48	22	1	0
ENSG00000236543.3	6	0	35	4
ENSG00000204007.8	15	15	14	7
ENSG00000148386.10	21	11	0	43
ENSG00000165643.11	85	24	19	0
ENSG00000107147.14	69	3	3	0
ENSG00000130559.19	14	35	105	13
ENSG00000238058.2	0	3	0	1
ENSG00000130560.9	18	51	161	0
ENSG00000148411.8	323	16	73	59
ENSG00000260193.1	3	40	7	36
ENSG00000238227.8	0	74	0	13
ENSG00000275329.1	17	78	0	97
ENSG00000107187.17	61	17	0	169
ENSG00000165661.17	0	1	20	0
ENSG00000260220.7	49	2	1	92
ENSG00000279813.1	0	0	0	0
ENSG00000283769.1	0	0	0	0
ENSG00000262075.3	0	1	119	93
ENSG00000160360.13	57	82	3	91
ENSG00000213221.5	0	99	2	0
ENSG00000289701.1	1	25	11	0
ENSG00000187796.16	0	0	0	0
ENSG00000165684.6	0	55	14	0
ENSG00000165689.17	9	6	38	0
ENSG00000165688.12	7	10	14	2
ENSG00000148384.14	0	8	1	179
ENSG00000148396.19	21	1	124	43
ENSG00000196366.3	0	0	107	0
ENSG00000148400.13	3	569	2	165
ENSG00000263403.1	0	0	0	0
ENSG00000227512.1	0	0	0	0
ENSG00000265181.1	0	0	0	0
ENSG00000237886.1	0	0	0	3
ENSG00000279141.4	29	0	10	0
ENSG00000228401.6	15	25	9	29
ENSG00000172889.16	0	1	0	24
ENSG00000199161.1	0	0	0	0
ENSG00000169692.13	51	31	6	1
ENSG00000165716.11	0	11	3	16
ENSG00000233016.8	0	1	25	0
ENSG00000280496.1	0	0	0	0
ENSG00000276161.1	0	0	0	0
ENSG00000274998.1	0	0	0	0
ENSG00000281808.1	0	0	0	0
ENSG00000274356.1	0	2	1	0
ENSG00000187922.14	0	0	0	0
ENSG00000204003.8	24	0	4	1
ENSG00000267206.6	0	0	0	0
ENSG00000278756.1	0	0	0	0
ENSG00000204001.10	0	74	67	34
ENSG00000177984.7	0	0	1	1
ENSG00000224662.2	0	3	2	0
ENSG00000244187.8	0	0	0	0
ENSG00000272896.1	15	0	6	0
ENSG00000213213.14	0	0	0	0
ENSG00000273066.5	0	0	0	0
ENSG00000272679.1	3	11	15	8
ENSG00000228544.1	0	0	0	0
ENSG00000196642.19	91	60	50	2
ENSG00000213212.3	0	0	0	0
ENSG00000265806.1	0	0	0	0
ENSG00000232434.3	1	1	173	1
ENSG00000054148.18	63	0	20	16
ENSG00000288873.1	0	0	0	0
ENSG00000177943.14	312	23	9	0
ENSG00000107223.13	0	0	22	0
ENSG00000127191.18	35	2	7	0
ENSG00000266507.1	0	0	0	0
ENSG00000213590.2	39	52	9	49
ENSG00000260190.1	0	0	0	37
ENSG00000159069.14	0	0	64	0
ENSG00000176919.13	30	19	44	1
ENSG00000184925.12	0	0	1	15
ENSG00000198454.2	14	8	0	5
ENSG00000107317.13	0	0	14	0
ENSG00000284341.1	0	18	0	0
ENSG00000214402.7	0	22	0	1
ENSG00000148362.11	22	0	0	12
ENSG00000169583.13	27	70	28	23
ENSG00000107331.18	6	171	0	12
ENSG00000180539.8	0	0	0	0
ENSG00000180549.8	0	0	0	0
ENSG00000279073.3	3	0	14	0
ENSG00000107281.10	20	35	113	0
ENSG00000054179.12	0	28	81	75
ENSG00000236394.2	0	0	0	0
ENSG00000229257.2	5	0	0	0
ENSG00000186193.9	115	133	20	155
ENSG00000231864.2	0	0	0	0
ENSG00000197355.11	1	18	37	11
ENSG00000268996.3	0	0	4	69
ENSG00000177239.16	186	0	0	225
ENSG00000199411.1	0	0	0	0
ENSG00000176978.14	1	4	0	57
ENSG00000176884.16	143	2	4	46
ENSG00000184709.7	0	0	0	0
ENSG00000261793.1	0	5	8	11
ENSG00000263697.1	0	0	0	0
ENSG00000185863.8	0	0	0	0
ENSG00000176248.9	11	1	27	0
ENSG00000176101.12	42	26	0	17
ENSG00000176058.13	0	0	80	2
ENSG00000187713.7	57	65	0	14
ENSG00000188566.15	0	217	228	142
ENSG00000284976.1	0	0	0	0
ENSG00000212864.4	98	0	0	0
ENSG00000197191.6	6	1	0	0
ENSG00000233198.4	37	0	48	49
ENSG00000198569.10	49	150	153	0
ENSG00000188229.6	8	114	48	0
ENSG00000188163.8	0	0	43	17
ENSG00000275549.1	0	27	43	31
ENSG00000197768.11	0	0	0	0
ENSG00000188986.9	244	19	177	0
ENSG00000198113.3	40	47	0	230
ENSG00000270259.2	14	0	0	0
ENSG00000260996.1	37	0	0	53
ENSG00000288234.1	0	28	0	20
ENSG00000198435.4	0	28	0	0
ENSG00000187609.16	11	1	2	54
ENSG00000188747.9	98	32	32	14
ENSG00000188833.10	37	119	169	24
ENSG00000165802.23	3	19	218	79
ENSG00000284317.1	0	0	0	0
ENSG00000130653.16	2	71	46	48
ENSG00000182154.8	0	29	41	0
ENSG00000148399.13	67	8	130	17
ENSG00000165724.6	101	37	0	0
ENSG00000197070.14	0	0	0	0
ENSG00000283411.1	0	0	0	0
ENSG00000203993.7	0	0	0	0
ENSG00000181090.21	0	2	49	6
ENSG00000274841.1	0	0	0	0
ENSG00000233998.1	0	0	0	0
ENSG00000255585.3	0	0	0	0
ENSG00000207693.1	0	0	0	0
ENSG00000203987.3	88	0	1	90
ENSG00000148408.14	3	452	536	1
ENSG00000276388.1	0	0	0	0
ENSG00000229926.1	5	70	4	10
ENSG00000159247.13	51	26	64	71
ENSG00000278130.1	11	1	53	5
ENSG00000237419.1	7	3	3	6
ENSG00000233013.10	5	11	16	41
ENSG00000223256.1	0	0	0	0
ENSG00000250210.5	0	0	3	0
ENSG00000286255.1	4	4	3	24