logFC	logCPM	LR	PValue	DE	FDR
chr9:120991191|121008498	-5.95670797184244	7.40378141255486	1.82054625528521	0.177248268250104	0	0.57132041135255
chr9:129830871|129834766	-4.82323632490856	6.7263088324198	1.67656760745225	0.195381161745605	0	0.57132041135255
chr9:132498695|132499600	-5.76760299571759	7.2677789148179	1.66772221829277	0.196563902488002	0	0.57132041135255
chr9:77456295|77517544	4.76474234402351	6.72645814266326	1.65896268144357	0.197743438735104	0	0.57132041135255
chr9:93335876|93346414	4.76474234402351	6.72645814266326	1.65896268144357	0.197743438735104	0	0.57132041135255
chr9:136199678|136200753	4.50487780539731	6.71447920019654	1.61990010592962	0.203105716940896	0	0.57132041135255
chr9:129639402|129640722	4.59863312948281	6.63108176374495	1.57480947575684	0.209509933668888	0	0.57132041135255
chr9:33057598|33068934	4.86804048024473	6.75013921397523	1.56081906292602	0.211545334006124	0	0.57132041135255
chr9:104111581|104118375	5.45891898585587	7.18914133815998	1.51377897742097	0.218563352285945	0	0.57132041135255
chr9:5431897|5436694	-4.56820757189616	6.62092660692939	1.49455563895338	0.221510969853238	0	0.57132041135255
chr9:113354240|113360737	-5.57396958448575	7.13989878924529	1.49290688729571	0.221765987068171	0	0.57132041135255
chr9:135588593|135589484	5.50848681970356	7.09282579033384	1.43555670706111	0.230859717350832	0	0.57132041135255
chr9:113413445|113413894	5.50847423249149	7.08347345017308	1.42516081731077	0.232555822104088	0	0.57132041135255
chr9:120911336|120914300	5.36977299878889	7.11135877978761	1.41417062612458	0.234365277575894	0	0.57132041135255
chr9:86950867|86987615	-5.4654319432699	7.06480181089116	1.38302676778601	0.239586250800784	0	0.57132041135255
chr9:132390597|132398326	-5.4654319432699	7.06480181089116	1.38302676778601	0.239586250800784	0	0.57132041135255
chr9:127817759|127818389	-5.41805662271531	7.06811668559633	1.37430050554867	0.241074369412784	0	0.57132041135255
chr9:15433552|15451402	5.19621885369119	7.12054075249638	1.3705215782434	0.241722289571009	0	0.57132041135255
chr9:116373199|116377647	-4.33064409630777	6.61644308857866	1.36554672762769	0.242578493573305	0	0.57132041135255
chr9:26747510|26748312	5.37938202677358	7.00955437055329	1.33999472340282	0.247034898754094	0	0.57132041135255
chr9:26997728|26999703	-5.33833845009919	6.98558290192825	1.31101969980326	0.252210116140661	0	0.57132041135255
chr9:136979223|136980855	-5.22098495549958	6.99256928888903	1.28358455454347	0.257233610416743	0	0.57132041135255
chr9:103001578|103003263	5.22345350167214	6.93163072256088	1.27105975642569	0.259567964443172	0	0.57132041135255
chr9:100326302|100330169	-5.10984615525612	6.90915607750294	1.2292089159659	0.267560940249978	0	0.57132041135255
chr9:137040671|137041187	5.00272830404809	6.90011607540124	1.21786418147245	0.269780214855723	0	0.57132041135255
chr9:109149636|109150860	3.64475915859124	6.70240618423414	1.16271073587546	0.280904066298336	0	0.57132041135255
chr9:33026813|33034330	3.64475915859124	6.70240618423414	1.16271073587546	0.280904066298336	0	0.57132041135255
chr9:82277049|82297540	3.64475915859124	6.70240618423414	1.16271073587546	0.280904066298336	0	0.57132041135255
chr9:132283264|132288651	3.64475915859124	6.70240618423414	1.16271073587546	0.280904066298336	0	0.57132041135255
chr9:129040452|129042514	3.64475915859124	6.70240618423414	1.16271073587546	0.280904066298336	0	0.57132041135255
chr9:136978993|136980284	3.64475915859124	6.70240618423414	1.16271073587546	0.280904066298336	0	0.57132041135255
chr9:40758255|40763752	3.64475915859124	6.70240618423414	1.16271073587546	0.280904066298336	0	0.57132041135255
chr9:465962|467219	3.64475915859124	6.70240618423414	1.16271073587546	0.280904066298336	0	0.57132041135255
chr9:34657303|34659900	3.64475915859124	6.70240618423414	1.16271073587546	0.280904066298336	0	0.57132041135255
chr9:106558472|106588940	3.64475915859124	6.70240618423414	1.16271073587546	0.280904066298336	0	0.57132041135255
chr9:85958472|85959867	-3.6946442854841	6.70953265557073	1.15501817934802	0.282501127460826	0	0.57132041135255
chr9:136432479|136434134	-3.6946442854841	6.70953265557073	1.15501817934802	0.282501127460826	0	0.57132041135255
chr9:137161289|137162739	-3.6946442854841	6.70953265557073	1.15501817934802	0.282501127460826	0	0.57132041135255
chr9:114671383|114671827	-3.6946442854841	6.70953265557073	1.15501817934802	0.282501127460826	0	0.57132041135255
chr9:125203008|125220397	-3.6946442854841	6.70953265557073	1.15501817934802	0.282501127460826	0	0.57132041135255
chr9:16552530|16727997	-3.6946442854841	6.70953265557073	1.15501817934802	0.282501127460826	0	0.57132041135255
chr9:97610346|97625997	-3.6946442854841	6.70953265557073	1.15501817934802	0.282501127460826	0	0.57132041135255
chr9:127749211|127762416	-3.6946442854841	6.70953265557073	1.15501817934802	0.282501127460826	0	0.57132041135255
chr9:112959793|112960962	3.5200098932737	6.68114958789209	1.10884570036022	0.292333005337262	0	0.57132041135255
chr9:33943420|33960878	3.5200098932737	6.68114958789209	1.10884570036022	0.292333005337262	0	0.57132041135255
chr9:90864589|90874291	3.5200098932737	6.68114958789209	1.10884570036022	0.292333005337262	0	0.57132041135255
chr9:123365917|123367686	3.5200098932737	6.68114958789209	1.10884570036022	0.292333005337262	0	0.57132041135255
chr9:114406355|114425024	3.5200098932737	6.68114958789209	1.10884570036022	0.292333005337262	0	0.57132041135255
chr9:34648998|34656908	3.5200098932737	6.68114958789209	1.10884570036022	0.292333005337262	0	0.57132041135255
chr9:34656739|34657587	3.5200098932737	6.68114958789209	1.10884570036022	0.292333005337262	0	0.57132041135255
chr9:82277049|82349848	3.5200098932737	6.68114958789209	1.10884570036022	0.292333005337262	0	0.57132041135255
chr9:87727594|87728396	3.5200098932737	6.68114958789209	1.10884570036022	0.292333005337262	0	0.57132041135255
chr9:84707844|84724356	3.5200098932737	6.68114958789209	1.10884570036022	0.292333005337262	0	0.57132041135255
chr9:83883813|83891501	3.5200098932737	6.68114958789209	1.10884570036022	0.292333005337262	0	0.57132041135255
chr9:34402705|34405964	4.38966431609894	6.54249609350152	1.07481854432761	0.299859581628773	0	0.57132041135255
chr9:68387463|68465208	-3.96863527195098	7.29357758481956	1.00148316872033	0.3169518903982	0	0.57132041135255
chr9:114359594|114361911	-4.05263578706906	7.25325255716433	0.997039390673773	0.318027950680937	0	0.57132041135255
chr9:37719069|37731103	-3.37337693980717	6.63873101163156	0.993387188339128	0.31891592285481	0	0.57132041135255
chr9:27185485|27203119	-3.37337693980717	6.63873101163156	0.993387188339128	0.31891592285481	0	0.57132041135255
chr9:33943420|33944639	-3.37337693980717	6.63873101163156	0.993387188339128	0.31891592285481	0	0.57132041135255
chr9:101613376|101671107	-3.37337693980717	6.63873101163156	0.993387188339128	0.31891592285481	0	0.57132041135255
chr9:33318731|33338589	-3.37337693980717	6.63873101163156	0.993387188339128	0.31891592285481	0	0.57132041135255
chr9:109050570|109064567	-3.37337693980717	6.63873101163156	0.993387188339128	0.31891592285481	0	0.57132041135255
chr9:125003114|125003690	-3.37337693980717	6.63873101163156	0.993387188339128	0.31891592285481	0	0.57132041135255
chr9:135561758|135565514	-3.37337693980717	6.63873101163156	0.993387188339128	0.31891592285481	0	0.57132041135255
chr9:35611804|35618121	-3.37337693980717	6.63873101163156	0.993387188339128	0.31891592285481	0	0.57132041135255
chr9:69227765|69230232	-3.37337693980717	6.63873101163156	0.993387188339128	0.31891592285481	0	0.57132041135255
chr9:128789874|128791693	-3.37337693980717	6.63873101163156	0.993387188339128	0.31891592285481	0	0.57132041135255
chr9:89334522|89347048	-3.37337693980717	6.63873101163156	0.993387188339128	0.31891592285481	0	0.57132041135255
chr9:136849111|136850137	-3.37337693980717	6.63873101163156	0.993387188339128	0.31891592285481	0	0.57132041135255
chr9:114668206|114671827	-3.37337693980717	6.63873101163156	0.993387188339128	0.31891592285481	0	0.57132041135255
chr9:113282646|113286828	-3.37337693980717	6.63873101163156	0.993387188339128	0.31891592285481	0	0.57132041135255
chr9:136863288|136863871	-3.37337693980717	6.63873101163156	0.993387188339128	0.31891592285481	0	0.57132041135255
chr9:69046385|69065035	-3.37337693980717	6.63873101163156	0.993387188339128	0.31891592285481	0	0.57132041135255
chr9:122270864|122285287	-3.37337693980717	6.63873101163156	0.993387188339128	0.31891592285481	0	0.57132041135255
chr9:37489315|37495276	-3.37337693980717	6.63873101163156	0.993387188339128	0.31891592285481	0	0.57132041135255
chr9:137039971|137040436	-3.37337693980717	6.63873101163156	0.993387188339128	0.31891592285481	0	0.57132041135255
chr9:137540642|137543815	-3.37337693980717	6.63873101163156	0.993387188339128	0.31891592285481	0	0.57132041135255
chr9:112959793|112961814	-3.37337693980717	6.63873101163156	0.993387188339128	0.31891592285481	0	0.57132041135255
chr9:131126412|131127719	-3.37337693980717	6.63873101163156	0.993387188339128	0.31891592285481	0	0.57132041135255
chr9:136994930|136995567	-3.46769881770332	6.73877136980711	0.973712635953616	0.323756000375984	0	0.57132041135255
chr9:129615484|129620743	-3.46769881770332	6.73877136980711	0.973712635953616	0.323756000375984	0	0.57132041135255
chr9:96844890|96852005	-3.46769881770332	6.73877136980711	0.973712635953616	0.323756000375984	0	0.57132041135255
chr9:124855634|124856600	-3.46769881770332	6.73877136980711	0.973712635953616	0.323756000375984	0	0.57132041135255
chr9:85621202|85657643	-3.46769881770332	6.73877136980711	0.973712635953616	0.323756000375984	0	0.57132041135255
chr9:132826854|132854925	-3.46769881770332	6.73877136980711	0.973712635953616	0.323756000375984	0	0.57132041135255
chr9:133065040|133066945	-3.46769881770332	6.73877136980711	0.973712635953616	0.323756000375984	0	0.57132041135255
chr9:105705597|105721721	-3.46769881770332	6.73877136980711	0.973712635953616	0.323756000375984	0	0.57132041135255
chr9:137430784|137433864	-3.46769881770332	6.73877136980711	0.973712635953616	0.323756000375984	0	0.57132041135255
chr9:130466725|130476961	-3.46769881770332	6.73877136980711	0.973712635953616	0.323756000375984	0	0.57132041135255
chr9:133544470|133555930	-3.46769881770332	6.73877136980711	0.973712635953616	0.323756000375984	0	0.57132041135255
chr9:33508359|33510711	-3.46769881770332	6.73877136980711	0.973712635953616	0.323756000375984	0	0.57132041135255
chr9:104132009|104134575	-3.46769881770332	6.73877136980711	0.973712635953616	0.323756000375984	0	0.57132041135255
chr9:79138523|79143231	-3.46769881770332	6.73877136980711	0.973712635953616	0.323756000375984	0	0.57132041135255
chr9:112804776|112838697	-3.46769881770332	6.73877136980711	0.973712635953616	0.323756000375984	0	0.57132041135255
chr9:138043774|138058250	-3.46769881770332	6.73877136980711	0.973712635953616	0.323756000375984	0	0.57132041135255
chr9:34096716|34098517	-3.46769881770332	6.73877136980711	0.973712635953616	0.323756000375984	0	0.57132041135255
chr9:136744640|136745280	-3.46769881770332	6.73877136980711	0.973712635953616	0.323756000375984	0	0.57132041135255
chr9:24544972|24545286	-4.12749261109747	6.51209048783871	0.950116952403425	0.329689529873698	0	0.57132041135255
chr9:124786975|124799491	4.10862089693303	6.41896315273919	0.946746246520596	0.330548897409504	0	0.57132041135255
chr9:3270371|3288250	3.89778467310983	7.17746181138096	0.931018695909727	0.334598357421931	0	0.57132041135255
chr9:33468508|33469341	-3.3956110260576	6.61194646205808	0.92181111599124	0.336999881289142	0	0.57132041135255
chr9:115040941|115057425	-3.3956110260576	6.61194646205808	0.92181111599124	0.336999881289142	0	0.57132041135255
chr9:137033193|137035282	-3.3956110260576	6.61194646205808	0.92181111599124	0.336999881289142	0	0.57132041135255
chr9:132648189|132651116	-3.3956110260576	6.61194646205808	0.92181111599124	0.336999881289142	0	0.57132041135255
chr9:94928425|94967801	-3.3956110260576	6.61194646205808	0.92181111599124	0.336999881289142	0	0.57132041135255
chr9:2643837|2645745	-3.3956110260576	6.61194646205808	0.92181111599124	0.336999881289142	0	0.57132041135255
chr9:15444602|15453205	-3.3956110260576	6.61194646205808	0.92181111599124	0.336999881289142	0	0.57132041135255
chr9:114032645|114036377	-3.3956110260576	6.61194646205808	0.92181111599124	0.336999881289142	0	0.57132041135255
chr9:3271003|3293258	-3.3956110260576	6.61194646205808	0.92181111599124	0.336999881289142	0	0.57132041135255
chr9:129084668|129085306	-3.3956110260576	6.61194646205808	0.92181111599124	0.336999881289142	0	0.57132041135255
chr9:69844517|69856673	-3.3956110260576	6.61194646205808	0.92181111599124	0.336999881289142	0	0.57132041135255
chr9:120914235|120926301	-3.3956110260576	6.61194646205808	0.92181111599124	0.336999881289142	0	0.57132041135255
chr9:124543802|124554570	-3.3956110260576	6.61194646205808	0.92181111599124	0.336999881289142	0	0.57132041135255
chr9:62867697|62869304	-3.3956110260576	6.61194646205808	0.92181111599124	0.336999881289142	0	0.57132041135255
chr9:127714379|127715194	-3.3956110260576	6.61194646205808	0.92181111599124	0.336999881289142	0	0.57132041135255
chr9:27558491|27562476	-3.3956110260576	6.61194646205808	0.92181111599124	0.336999881289142	0	0.57132041135255
chr9:33218365|33221108	3.9462662911909	6.43356132322759	0.906110658119568	0.341148485980437	0	0.57132041135255
chr9:104766325|104769021	3.94222205958176	6.40422686394193	0.904971028647201	0.341452283386165	0	0.57132041135255
chr9:125158241|125171180	3.94222205958176	6.40422686394193	0.904971028647201	0.341452283386165	0	0.57132041135255
chr9:23540579|23602784	3.32969841724227	6.60542425864069	0.889571155341793	0.34559354718477	0	0.57132041135255
chr9:5742869|5756372	3.32969841724227	6.60542425864069	0.889571155341793	0.34559354718477	0	0.57132041135255
chr9:131325452|131347756	3.32969841724227	6.60542425864069	0.889571155341793	0.34559354718477	0	0.57132041135255
chr9:111642839|111647259	3.32969841724227	6.60542425864069	0.889571155341793	0.34559354718477	0	0.57132041135255
chr9:134025486|134026090	3.32969841724227	6.60542425864069	0.889571155341793	0.34559354718477	0	0.57132041135255
chr9:5944871|5988545	3.32969841724227	6.60542425864069	0.889571155341793	0.34559354718477	0	0.57132041135255
chr9:35076724|35078736	3.32969841724227	6.60542425864069	0.889571155341793	0.34559354718477	0	0.57132041135255
chr9:37832063|37956054	3.32969841724227	6.60542425864069	0.889571155341793	0.34559354718477	0	0.57132041135255
chr9:117778090|117784493	3.32969841724227	6.60542425864069	0.889571155341793	0.34559354718477	0	0.57132041135255
chr9:96097352|96100051	3.32969841724227	6.60542425864069	0.889571155341793	0.34559354718477	0	0.57132041135255
chr9:133540878|133561295	3.32969841724227	6.60542425864069	0.889571155341793	0.34559354718477	0	0.57132041135255
chr9:137251738|137252135	3.32969841724227	6.60542425864069	0.889571155341793	0.34559354718477	0	0.57132041135255
chr9:38458368|38469965	3.32969841724227	6.60542425864069	0.889571155341793	0.34559354718477	0	0.57132041135255
chr9:74998598|75017448	3.32969841724227	6.60542425864069	0.889571155341793	0.34559354718477	0	0.57132041135255
chr9:128472913|128484886	3.32969841724227	6.60542425864069	0.889571155341793	0.34559354718477	0	0.57132041135255
chr9:131487856|131491580	3.32969841724227	6.60542425864069	0.889571155341793	0.34559354718477	0	0.57132041135255
chr9:136369750|136371145	3.32969841724227	6.60542425864069	0.889571155341793	0.34559354718477	0	0.57132041135255
chr9:125777982|125929845	3.32969841724227	6.60542425864069	0.889571155341793	0.34559354718477	0	0.57132041135255
chr9:5805611|5812217	-3.77821143767529	7.15558631004152	0.889134428311431	0.34571197742306	0	0.57132041135255
chr9:66182326|66184776	3.78098873521802	7.13873888195304	0.888718649289007	0.345824778115006	0	0.57132041135255
chr9:136806078|136806867	3.78098873521802	7.13873888195304	0.888718649289007	0.345824778115006	0	0.57132041135255
chr9:83299112|83311975	-3.89669119915234	6.40993303278202	0.887819424908176	0.346068907879697	0	0.57132041135255
chr9:121974009|122031856	-3.8434804972539	7.11765845839798	0.880676771618322	0.348016384137283	0	0.57132041135255
chr9:93107674|93109092	3.45689436672929	6.7849883700955	0.873471982337149	0.349995907093549	0	0.57132041135255
chr9:129338792|129342043	3.45689436672929	6.7849883700955	0.873471982337149	0.349995907093549	0	0.57132041135255
chr9:19334977|19341114	3.45689436672929	6.7849883700955	0.873471982337149	0.349995907093549	0	0.57132041135255
chr9:120776093|120793257	3.45689436672929	6.7849883700955	0.873471982337149	0.349995907093549	0	0.57132041135255
chr9:132269615|132271808	3.45689436672929	6.7849883700955	0.873471982337149	0.349995907093549	0	0.57132041135255
chr9:136742787|136745280	3.45689436672929	6.7849883700955	0.873471982337149	0.349995907093549	0	0.57132041135255
chr9:99128855|99144888	3.45689436672929	6.7849883700955	0.873471982337149	0.349995907093549	0	0.57132041135255
chr9:110496815|110513105	3.45689436672929	6.7849883700955	0.873471982337149	0.349995907093549	0	0.57132041135255
chr9:126962225|126965951	3.45689436672929	6.7849883700955	0.873471982337149	0.349995907093549	0	0.57132041135255
chr9:75069742|75077580	3.45689436672929	6.7849883700955	0.873471982337149	0.349995907093549	0	0.57132041135255
chr9:135697506|135699126	3.45689436672929	6.7849883700955	0.873471982337149	0.349995907093549	0	0.57132041135255
chr9:136447853|136448161	3.45689436672929	6.7849883700955	0.873471982337149	0.349995907093549	0	0.57132041135255
chr9:120970170|120974931	3.5127060975152	6.79326841906173	0.867064979565064	0.351769129861391	0	0.57132041135255
chr9:35556308|35558567	3.5127060975152	6.79326841906173	0.867064979565064	0.351769129861391	0	0.57132041135255
chr9:97314618|97318582	3.5127060975152	6.79326841906173	0.867064979565064	0.351769129861391	0	0.57132041135255
chr9:129084668|129085616	3.5127060975152	6.79326841906173	0.867064979565064	0.351769129861391	0	0.57132041135255
chr9:122378433|122381552	3.5127060975152	6.79326841906173	0.867064979565064	0.351769129861391	0	0.57132041135255
chr9:119242047|119313405	3.5127060975152	6.79326841906173	0.867064979565064	0.351769129861391	0	0.57132041135255
chr9:109406462|109427122	-3.54301533895293	6.80092713943265	0.856236708880257	0.354793969197649	0	0.57132041135255
chr9:135500998|135501973	-3.54301533895293	6.80092713943265	0.856236708880257	0.354793969197649	0	0.57132041135255
chr9:133540878|133554693	-3.54301533895293	6.80092713943265	0.856236708880257	0.354793969197649	0	0.57132041135255
chr9:128099275|128101222	-3.54301533895293	6.80092713943265	0.856236708880257	0.354793969197649	0	0.57132041135255
chr9:126690836|126693323	-3.54301533895293	6.80092713943265	0.856236708880257	0.354793969197649	0	0.57132041135255
chr9:37522825|37537943	-3.54301533895293	6.80092713943265	0.856236708880257	0.354793969197649	0	0.57132041135255
chr9:122280443|122286166	-3.54301533895293	6.80092713943265	0.856236708880257	0.354793969197649	0	0.57132041135255
chr9:97325019|97347666	-3.54301533895293	6.80092713943265	0.856236708880257	0.354793969197649	0	0.57132041135255
chr9:92856192|92875059	-3.62319393038662	6.27752952332748	0.825907633369228	0.363458555108451	0	0.57132041135255
chr9:119248960|119313405	-3.67122312317929	7.08130393431179	0.82407975173094	0.363990036221924	0	0.57132041135255
chr9:125323798|125341264	-3.67122312317929	7.08130393431179	0.82407975173094	0.363990036221924	0	0.57132041135255
chr9:94606815|94617860	-3.67122312317929	7.08130393431179	0.82407975173094	0.363990036221924	0	0.57132041135255
chr9:15187971|15203890	-3.67122312317929	7.08130393431179	0.82407975173094	0.363990036221924	0	0.57132041135255
chr9:13004933|13029577	3.66227240646552	7.05808402098729	0.815947736470057	0.366367622723793	0	0.57132041135255
chr9:136831721|136835845	3.66227240646552	7.05808402098729	0.815947736470057	0.366367622723793	0	0.57132041135255
chr9:135768610|135772949	3.66227240646552	7.05808402098729	0.815947736470057	0.366367622723793	0	0.57132041135255
chr9:87970776|87974074	-3.72881552954972	7.04475849460588	0.815621049462149	0.366463586848528	0	0.57132041135255
chr9:20363476|20448266	-3.72881552954972	7.04475849460588	0.815621049462149	0.366463586848528	0	0.57132041135255
chr9:127318063|127333121	-3.42871078324656	6.83232352139104	0.788447311214729	0.374570037770337	0	0.57132041135255
chr9:88426382|88448989	-3.42871078324656	6.83232352139104	0.788447311214729	0.374570037770337	0	0.57132041135255
chr9:135500570|135501123	-3.42871078324656	6.83232352139104	0.788447311214729	0.374570037770337	0	0.57132041135255
chr9:135694387|135695263	-3.42871078324656	6.83232352139104	0.788447311214729	0.374570037770337	0	0.57132041135255
chr9:133702916|133731484	-3.42871078324656	6.83232352139104	0.788447311214729	0.374570037770337	0	0.57132041135255
chr9:127720078|127724364	-3.42871078324656	6.83232352139104	0.788447311214729	0.374570037770337	0	0.57132041135255
chr9:35750658|35751754	-3.42871078324656	6.83232352139104	0.788447311214729	0.374570037770337	0	0.57132041135255
chr9:124301936|124321569	-3.42871078324656	6.83232352139104	0.788447311214729	0.374570037770337	0	0.57132041135255
chr9:34381369|34385781	-3.42871078324656	6.83232352139104	0.788447311214729	0.374570037770337	0	0.57132041135255
chr9:92337541|92379859	-3.63471478973464	6.96797476429843	0.781260258440087	0.376755984904204	0	0.57132041135255
chr9:92389854|92401185	3.59562269944782	6.95942154006514	0.775224376286377	0.378605686321782	0	0.57132041135255
chr9:107306379|107318879	3.59562269944782	6.95942154006514	0.775224376286377	0.378605686321782	0	0.57132041135255
chr9:133643413|133651777	-3.57417859844442	7.00298882235844	0.775094236705005	0.378645708459716	0	0.57132041135255
chr9:94567270|94587469	-3.57417859844442	7.00298882235844	0.775094236705005	0.378645708459716	0	0.57132041135255
chr9:32481340|32489451	-3.57417859844442	7.00298882235844	0.775094236705005	0.378645708459716	0	0.57132041135255
chr9:135945889|135953753	-3.57417859844442	7.00298882235844	0.775094236705005	0.378645708459716	0	0.57132041135255
chr9:114343708|114346009	-3.57417859844442	7.00298882235844	0.775094236705005	0.378645708459716	0	0.57132041135255
chr9:136367637|136370701	-3.57417859844442	7.00298882235844	0.775094236705005	0.378645708459716	0	0.57132041135255
chr9:81974082|81976806	3.5596268763573	6.97265973332649	0.773945655968982	0.378999193038843	0	0.57132041135255
chr9:128842654|128845411	3.5596268763573	6.97265973332649	0.773945655968982	0.378999193038843	0	0.57132041135255
chr9:69371499|69383759	3.5596268763573	6.97265973332649	0.773945655968982	0.378999193038843	0	0.57132041135255
chr9:131135940|131147584	3.5596268763573	6.97265973332649	0.773945655968982	0.378999193038843	0	0.57132041135255
chr9:136995186|136995757	3.52059816228188	6.87873855369974	0.771711269659292	0.379688177455719	0	0.57132041135255
chr9:35744615|35748973	3.52059816228188	6.87873855369974	0.771711269659292	0.379688177455719	0	0.57132041135255
chr9:32487471|32489451	3.52059816228188	6.87873855369974	0.771711269659292	0.379688177455719	0	0.57132041135255
chr9:38571122|38575698	3.52059816228188	6.87873855369974	0.771711269659292	0.379688177455719	0	0.57132041135255
chr9:92049960|92077035	-3.55172163209384	6.8868696688768	0.768557470275673	0.380663680688019	0	0.57132041135255
chr9:4622408|4627856	-3.55172163209384	6.8868696688768	0.768557470275673	0.380663680688019	0	0.57132041135255
chr9:99828041|99833454	-3.55172163209384	6.8868696688768	0.768557470275673	0.380663680688019	0	0.57132041135255
chr9:94605457|94610061	-3.55172163209384	6.8868696688768	0.768557470275673	0.380663680688019	0	0.57132041135255
chr9:114094181|114095332	3.46979667719069	6.88186740370385	0.762106108829212	0.382670223923545	0	0.57132041135255
chr9:22674443|22682713	3.46979667719069	6.88186740370385	0.762106108829212	0.382670223923545	0	0.57132041135255
chr9:122378433|122381747	3.46979667719069	6.88186740370385	0.762106108829212	0.382670223923545	0	0.57132041135255
chr9:109406462|109422852	3.46979667719069	6.88186740370385	0.762106108829212	0.382670223923545	0	0.57132041135255
chr9:37762577|37770019	-3.47476558651929	6.92017791368167	0.736614656377902	0.390747487150115	0	0.57132041135255
chr9:32485175|32489451	-3.47476558651929	6.92017791368167	0.736614656377902	0.390747487150115	0	0.57132041135255
chr9:134045293|134051709	-3.47476558651929	6.92017791368167	0.736614656377902	0.390747487150115	0	0.57132041135255
chr9:124538092|124554570	-3.47476558651929	6.92017791368167	0.736614656377902	0.390747487150115	0	0.57132041135255
chr9:87498970|87605175	-3.47476558651929	6.92017791368167	0.736614656377902	0.390747487150115	0	0.57132041135255
chr9:135945889|135946371	3.09485436247981	6.569276099576	0.693274283269623	0.405052903516575	0	0.57132041135255
chr9:78246669|78253277	3.09485436247981	6.569276099576	0.693274283269623	0.405052903516575	0	0.57132041135255
chr9:2161686|2181676	3.09485436247981	6.569276099576	0.693274283269623	0.405052903516575	0	0.57132041135255
chr9:19573351|19622299	3.09485436247981	6.569276099576	0.693274283269623	0.405052903516575	0	0.57132041135255
chr9:38456118|38462233	3.09485436247981	6.569276099576	0.693274283269623	0.405052903516575	0	0.57132041135255
chr9:128323016|128332282	3.09485436247981	6.569276099576	0.693274283269623	0.405052903516575	0	0.57132041135255
chr9:136889670|136890542	3.09485436247981	6.569276099576	0.693274283269623	0.405052903516575	0	0.57132041135255
chr9:127473801|127481227	3.09485436247981	6.569276099576	0.693274283269623	0.405052903516575	0	0.57132041135255
chr9:136945634|136946566	3.09485436247981	6.569276099576	0.693274283269623	0.405052903516575	0	0.57132041135255
chr9:124855861|124856600	3.09485436247981	6.569276099576	0.693274283269623	0.405052903516575	0	0.57132041135255
chr9:123128214|123132968	3.09485436247981	6.569276099576	0.693274283269623	0.405052903516575	0	0.57132041135255
chr9:134880812|134885897	3.09485436247981	6.569276099576	0.693274283269623	0.405052903516575	0	0.57132041135255
chr9:34380897|34381444	3.09485436247981	6.569276099576	0.693274283269623	0.405052903516575	0	0.57132041135255
chr9:113283132|113284389	3.09485436247981	6.569276099576	0.693274283269623	0.405052903516575	0	0.57132041135255
chr9:92323236|92323503	3.09485436247981	6.569276099576	0.693274283269623	0.405052903516575	0	0.57132041135255
chr9:116265857|116335074	3.09485436247981	6.569276099576	0.693274283269623	0.405052903516575	0	0.57132041135255
chr9:92321668|92323503	-2.99624568479842	6.53123521437637	0.632203062760342	0.426548365769027	0	0.57132041135255
chr9:121313934|121318880	-2.99624568479842	6.53123521437637	0.632203062760342	0.426548365769027	0	0.57132041135255
chr9:133518874|133520288	-2.99624568479842	6.53123521437637	0.632203062760342	0.426548365769027	0	0.57132041135255
chr9:88640511|88647660	-2.99624568479842	6.53123521437637	0.632203062760342	0.426548365769027	0	0.57132041135255
chr9:90507258|90508941	-2.99624568479842	6.53123521437637	0.632203062760342	0.426548365769027	0	0.57132041135255
chr9:69375736|69383759	-2.99624568479842	6.53123521437637	0.632203062760342	0.426548365769027	0	0.57132041135255
chr9:137050284|137051370	-2.99624568479842	6.53123521437637	0.632203062760342	0.426548365769027	0	0.57132041135255
chr9:107302035|107318879	-2.99624568479842	6.53123521437637	0.632203062760342	0.426548365769027	0	0.57132041135255
chr9:132661208|132670401	-2.99624568479842	6.53123521437637	0.632203062760342	0.426548365769027	0	0.57132041135255
chr9:101399028|101399530	-2.99624568479842	6.53123521437637	0.632203062760342	0.426548365769027	0	0.57132041135255
chr9:97323781|97347666	-2.99624568479842	6.53123521437637	0.632203062760342	0.426548365769027	0	0.57132041135255
chr9:135605215|135615498	-2.99624568479842	6.53123521437637	0.632203062760342	0.426548365769027	0	0.57132041135255
chr9:128190329|128190862	-2.99624568479842	6.53123521437637	0.632203062760342	0.426548365769027	0	0.57132041135255
chr9:130695492|130697627	-2.99624568479842	6.53123521437637	0.632203062760342	0.426548365769027	0	0.57132041135255
chr9:105604215|105620061	-2.99624568479842	6.53123521437637	0.632203062760342	0.426548365769027	0	0.57132041135255
chr9:83887041|83888592	-2.99624568479842	6.53123521437637	0.632203062760342	0.426548365769027	0	0.57132041135255
chr9:17761437|17789550	-2.99624568479842	6.53123521437637	0.632203062760342	0.426548365769027	0	0.57132041135255
chr9:32420856|32427436	-2.99624568479842	6.53123521437637	0.632203062760342	0.426548365769027	0	0.57132041135255
chr9:137754171|137778055	-2.99624568479842	6.53123521437637	0.632203062760342	0.426548365769027	0	0.57132041135255
chr9:136365141|136366845	-2.99624568479842	6.53123521437637	0.632203062760342	0.426548365769027	0	0.57132041135255
chr9:127945649|127950539	-3.02586100933465	6.50726699668373	0.6208856599398	0.430718359527299	0	0.57132041135255
chr9:136952892|136953779	-3.02586100933465	6.50726699668373	0.6208856599398	0.430718359527299	0	0.57132041135255
chr9:137437159|137438084	-3.02586100933465	6.50726699668373	0.6208856599398	0.430718359527299	0	0.57132041135255
chr9:81611769|81613521	-3.02586100933465	6.50726699668373	0.6208856599398	0.430718359527299	0	0.57132041135255
chr9:137352620|137352944	-3.02586100933465	6.50726699668373	0.6208856599398	0.430718359527299	0	0.57132041135255
chr9:23701379|23705071	-3.02586100933465	6.50726699668373	0.6208856599398	0.430718359527299	0	0.57132041135255
chr9:104132009|104136060	-3.02586100933465	6.50726699668373	0.6208856599398	0.430718359527299	0	0.57132041135255
chr9:117648596|117650977	-3.02586100933465	6.50726699668373	0.6208856599398	0.430718359527299	0	0.57132041135255
chr9:137051510|137052348	-3.02586100933465	6.50726699668373	0.6208856599398	0.430718359527299	0	0.57132041135255
chr9:125153906|125160906	-3.02586100933465	6.50726699668373	0.6208856599398	0.430718359527299	0	0.57132041135255
chr9:135577350|135577774	-3.02586100933465	6.50726699668373	0.6208856599398	0.430718359527299	0	0.57132041135255
chr9:96458379|96484633	-3.02586100933465	6.50726699668373	0.6208856599398	0.430718359527299	0	0.57132041135255
chr9:127399907|127403803	-3.02586100933465	6.50726699668373	0.6208856599398	0.430718359527299	0	0.57132041135255
chr9:103004969|103006378	-3.02586100933465	6.50726699668373	0.6208856599398	0.430718359527299	0	0.57132041135255
chr9:34647089|34647705	-3.02586100933465	6.50726699668373	0.6208856599398	0.430718359527299	0	0.57132041135255
chr9:133155901|133161532	2.99389807949949	6.50143678721963	0.611129489404584	0.434362854121457	0	0.57132041135255
chr9:91737391|91883383	2.99389807949949	6.50143678721963	0.611129489404584	0.434362854121457	0	0.57132041135255
chr9:127751172|127761650	2.99389807949949	6.50143678721963	0.611129489404584	0.434362854121457	0	0.57132041135255
chr9:130697582|130700935	2.99389807949949	6.50143678721963	0.611129489404584	0.434362854121457	0	0.57132041135255
chr9:14997164|15007882	2.99389807949949	6.50143678721963	0.611129489404584	0.434362854121457	0	0.57132041135255
chr9:132651075|132659780	2.99389807949949	6.50143678721963	0.611129489404584	0.434362854121457	0	0.57132041135255
chr9:16215772|16400547	2.99389807949949	6.50143678721963	0.611129489404584	0.434362854121457	0	0.57132041135255
chr9:127428832|127435216	2.99389807949949	6.50143678721963	0.611129489404584	0.434362854121457	0	0.57132041135255
chr9:128715172|128716923	2.99389807949949	6.50143678721963	0.611129489404584	0.434362854121457	0	0.57132041135255
chr9:128828735|128828877	2.99389807949949	6.50143678721963	0.611129489404584	0.434362854121457	0	0.57132041135255
chr9:89664928|89673487	2.99389807949949	6.50143678721963	0.611129489404584	0.434362854121457	0	0.57132041135255
chr9:34972411|34977641	2.99389807949949	6.50143678721963	0.611129489404584	0.434362854121457	0	0.57132041135255
chr9:94558720|94587469	2.99389807949949	6.50143678721963	0.611129489404584	0.434362854121457	0	0.57132041135255
chr9:94606815|94620491	2.99389807949949	6.50143678721963	0.611129489404584	0.434362854121457	0	0.57132041135255
chr9:97936171|97938191	2.99389807949949	6.50143678721963	0.611129489404584	0.434362854121457	0	0.57132041135255
chr9:37842089|37857351	2.99389807949949	6.50143678721963	0.611129489404584	0.434362854121457	0	0.57132041135255
chr9:69225304|69226175	2.99389807949949	6.50143678721963	0.611129489404584	0.434362854121457	0	0.57132041135255
chr9:36353170|36376127	2.99389807949949	6.50143678721963	0.611129489404584	0.434362854121457	0	0.57132041135255
chr9:108899822|108903669	2.99389807949949	6.50143678721963	0.611129489404584	0.434362854121457	0	0.57132041135255
chr9:135697506|135698476	2.99389807949949	6.50143678721963	0.611129489404584	0.434362854121457	0	0.57132041135255
chr9:137213967|137215018	2.99389807949949	6.50143678721963	0.611129489404584	0.434362854121457	0	0.57132041135255
chr9:75016268|75017448	2.87020929060691	6.44802373402901	0.588281697484795	0.443084345901507	0	0.57132041135255
chr9:33034216|33036257	2.87020929060691	6.44802373402901	0.588281697484795	0.443084345901507	0	0.57132041135255
chr9:36227248|36236984	2.87020929060691	6.44802373402901	0.588281697484795	0.443084345901507	0	0.57132041135255
chr9:81616646|81620557	2.87020929060691	6.44802373402901	0.588281697484795	0.443084345901507	0	0.57132041135255
chr9:85175476|85182840	2.87020929060691	6.44802373402901	0.588281697484795	0.443084345901507	0	0.57132041135255
chr9:72927116|72931019	2.87020929060691	6.44802373402901	0.588281697484795	0.443084345901507	0	0.57132041135255
chr9:83311887|83343287	2.87020929060691	6.44802373402901	0.588281697484795	0.443084345901507	0	0.57132041135255
chr9:88072732|88073036	2.87020929060691	6.44802373402901	0.588281697484795	0.443084345901507	0	0.57132041135255
chr9:136979946|136980855	2.87020929060691	6.44802373402901	0.588281697484795	0.443084345901507	0	0.57132041135255
chr9:69218257|69228114	2.87020929060691	6.44802373402901	0.588281697484795	0.443084345901507	0	0.57132041135255
chr9:35810247|35811057	2.87020929060691	6.44802373402901	0.588281697484795	0.443084345901507	0	0.57132041135255
chr9:83669185|83680037	2.87020929060691	6.44802373402901	0.588281697484795	0.443084345901507	0	0.57132041135255
chr9:95240649|95247516	2.87020929060691	6.44802373402901	0.588281697484795	0.443084345901507	0	0.57132041135255
chr9:128927038|128937778	-2.84027853487446	6.39437988908463	0.579165575581324	0.446639574635195	0	0.57132041135255
chr9:94278758|94292467	-2.84027853487446	6.39437988908463	0.579165575581324	0.446639574635195	0	0.57132041135255
chr9:35396841|35397712	-2.84027853487446	6.39437988908463	0.579165575581324	0.446639574635195	0	0.57132041135255
chr9:77321169|77321746	-2.84027853487446	6.39437988908463	0.579165575581324	0.446639574635195	0	0.57132041135255
chr9:3012924|3014177	-2.84027853487446	6.39437988908463	0.579165575581324	0.446639574635195	0	0.57132041135255
chr9:109243618|109255680	-2.84027853487446	6.39437988908463	0.579165575581324	0.446639574635195	0	0.57132041135255
chr9:137612896|137613769	-2.84027853487446	6.39437988908463	0.579165575581324	0.446639574635195	0	0.57132041135255
chr9:93069100|93075972	-2.84027853487446	6.39437988908463	0.579165575581324	0.446639574635195	0	0.57132041135255
chr9:96246556|96252910	-2.84027853487446	6.39437988908463	0.579165575581324	0.446639574635195	0	0.57132041135255
chr9:38437689|38462233	-2.84027853487446	6.39437988908463	0.579165575581324	0.446639574635195	0	0.57132041135255
chr9:137430784|137433074	-2.84027853487446	6.39437988908463	0.579165575581324	0.446639574635195	0	0.57132041135255
chr9:89698033|89700357	-2.84027853487446	6.39437988908463	0.579165575581324	0.446639574635195	0	0.57132041135255
chr9:72930879|72940252	-2.84027853487446	6.39437988908463	0.579165575581324	0.446639574635195	0	0.57132041135255
chr9:127806973|127807286	-2.84027853487446	6.39437988908463	0.579165575581324	0.446639574635195	0	0.57132041135255
chr9:34241185|34242108	-2.84027853487446	6.39437988908463	0.579165575581324	0.446639574635195	0	0.57132041135255
chr9:124457472|124468190	2.81525304903235	6.38935004296995	0.57566953328986	0.448014749315274	0	0.57132041135255
chr9:15778968|15784694	2.81525304903235	6.38935004296995	0.57566953328986	0.448014749315274	0	0.57132041135255
chr9:16431403|16435099	2.81525304903235	6.38935004296995	0.57566953328986	0.448014749315274	0	0.57132041135255
chr9:94572979|94577793	2.81525304903235	6.38935004296995	0.57566953328986	0.448014749315274	0	0.57132041135255
chr9:34647492|34647961	2.81525304903235	6.38935004296995	0.57566953328986	0.448014749315274	0	0.57132041135255
chr9:36607575|36643083	2.81525304903235	6.38935004296995	0.57566953328986	0.448014749315274	0	0.57132041135255
chr9:127336128|127345477	2.81525304903235	6.38935004296995	0.57566953328986	0.448014749315274	0	0.57132041135255
chr9:136800389|136805457	2.81525304903235	6.38935004296995	0.57566953328986	0.448014749315274	0	0.57132041135255
chr9:4719135|4722625	2.81525304903235	6.38935004296995	0.57566953328986	0.448014749315274	0	0.57132041135255
chr9:133671535|133694371	2.81525304903235	6.38935004296995	0.57566953328986	0.448014749315274	0	0.57132041135255
chr9:35841526|35846068	2.81525304903235	6.38935004296995	0.57566953328986	0.448014749315274	0	0.57132041135255
chr9:136405118|136405978	2.81525304903235	6.38935004296995	0.57566953328986	0.448014749315274	0	0.57132041135255
chr9:136337441|136339815	2.81525304903235	6.38935004296995	0.57566953328986	0.448014749315274	0	0.57132041135255
chr9:6497049|6497268	2.81525304903235	6.38935004296995	0.57566953328986	0.448014749315274	0	0.57132041135255
chr9:123139529|123160462	2.81525304903235	6.38935004296995	0.57566953328986	0.448014749315274	0	0.57132041135255
chr9:129085023|129085306	-2.79960327746965	6.41508298115719	0.566581834590505	0.451620410308756	0	0.57132041135255
chr9:127709422|127712349	-2.79960327746965	6.41508298115719	0.566581834590505	0.451620410308756	0	0.57132041135255
chr9:128933782|128934058	-2.79960327746965	6.41508298115719	0.566581834590505	0.451620410308756	0	0.57132041135255
chr9:126965844|126977745	-2.79960327746965	6.41508298115719	0.566581834590505	0.451620410308756	0	0.57132041135255
chr9:90864589|90874849	-2.79960327746965	6.41508298115719	0.566581834590505	0.451620410308756	0	0.57132041135255
chr9:121354601|121356156	-2.79960327746965	6.41508298115719	0.566581834590505	0.451620410308756	0	0.57132041135255
chr9:94498056|94502641	-2.79960327746965	6.41508298115719	0.566581834590505	0.451620410308756	0	0.57132041135255
chr9:15423909|15433636	-2.79960327746965	6.41508298115719	0.566581834590505	0.451620410308756	0	0.57132041135255
chr9:22213677|22214672	-2.79960327746965	6.41508298115719	0.566581834590505	0.451620410308756	0	0.57132041135255
chr9:72056784|72059384	-2.79960327746965	6.41508298115719	0.566581834590505	0.451620410308756	0	0.57132041135255
chr9:38413237|38414203	-2.79960327746965	6.41508298115719	0.566581834590505	0.451620410308756	0	0.57132041135255
chr9:137436869|137438305	-2.79960327746965	6.41508298115719	0.566581834590505	0.451620410308756	0	0.57132041135255
chr9:93107674|93110721	-2.79960327746965	6.41508298115719	0.566581834590505	0.451620410308756	0	0.57132041135255
chr9:137232575|137233404	-2.79960327746965	6.41508298115719	0.566581834590505	0.451620410308756	0	0.57132041135255
chr9:104750956|104753064	-2.79960327746965	6.41508298115719	0.566581834590505	0.451620410308756	0	0.57132041135255
chr9:97648008|97656085	-2.79960327746965	6.41508298115719	0.566581834590505	0.451620410308756	0	0.57132041135255
chr9:76189631|76292275	2.64234064802439	6.31568130066941	0.542766087959804	0.461288625333077	0	0.57132041135255
chr9:98060782|98077017	2.64234064802439	6.31568130066941	0.542766087959804	0.461288625333077	0	0.57132041135255
chr9:34179038|34242108	2.64234064802439	6.31568130066941	0.542766087959804	0.461288625333077	0	0.57132041135255
chr9:137351318|137352786	2.64234064802439	6.31568130066941	0.542766087959804	0.461288625333077	0	0.57132041135255
chr9:19063008|19063580	2.64234064802439	6.31568130066941	0.542766087959804	0.461288625333077	0	0.57132041135255
chr9:122214283|122227030	2.64234064802439	6.31568130066941	0.542766087959804	0.461288625333077	0	0.57132041135255
chr9:85621202|85646418	2.64234064802439	6.31568130066941	0.542766087959804	0.461288625333077	0	0.57132041135255
chr9:112972080|112982947	2.64234064802439	6.31568130066941	0.542766087959804	0.461288625333077	0	0.57132041135255
chr9:99825659|99833454	2.64234064802439	6.31568130066941	0.542766087959804	0.461288625333077	0	0.57132041135255
chr9:15846702|15848947	2.64234064802439	6.31568130066941	0.542766087959804	0.461288625333077	0	0.57132041135255
chr9:136806050|136807202	2.64234064802439	6.31568130066941	0.542766087959804	0.461288625333077	0	0.57132041135255
chr9:2644734|2646552	2.64234064802439	6.31568130066941	0.542766087959804	0.461288625333077	0	0.57132041135255
chr9:136418017|136418673	2.64234064802439	6.31568130066941	0.542766087959804	0.461288625333077	0	0.57132041135255
chr9:128828735|128829155	2.64234064802439	6.31568130066941	0.542766087959804	0.461288625333077	0	0.57132041135255
chr9:35562875|35563356	2.64234064802439	6.31568130066941	0.542766087959804	0.461288625333077	0	0.57132041135255
chr9:32481340|32488887	2.64234064802439	6.31568130066941	0.542766087959804	0.461288625333077	0	0.57132041135255
chr9:112275844|112297916	2.64234064802439	6.31568130066941	0.542766087959804	0.461288625333077	0	0.57132041135255
chr9:127914656|127916494	-2.60867865326147	6.27188509814092	0.533763883705578	0.465028728930858	0	0.57132041135255
chr9:137022941|137024236	-2.60867865326147	6.27188509814092	0.533763883705578	0.465028728930858	0	0.57132041135255
chr9:97648008|97655764	-2.60867865326147	6.27188509814092	0.533763883705578	0.465028728930858	0	0.57132041135255
chr9:75117504|75133401	-2.60867865326147	6.27188509814092	0.533763883705578	0.465028728930858	0	0.57132041135255
chr9:133104263|133108406	-2.60867865326147	6.27188509814092	0.533763883705578	0.465028728930858	0	0.57132041135255
chr9:128722009|128722574	-2.60867865326147	6.27188509814092	0.533763883705578	0.465028728930858	0	0.57132041135255
chr9:117708563|117848155	-2.60867865326147	6.27188509814092	0.533763883705578	0.465028728930858	0	0.57132041135255
chr9:136791947|136792358	-2.60867865326147	6.27188509814092	0.533763883705578	0.465028728930858	0	0.57132041135255
chr9:113198855|113203035	-2.60867865326147	6.27188509814092	0.533763883705578	0.465028728930858	0	0.57132041135255
chr9:106588380|106589013	-2.60867865326147	6.27188509814092	0.533763883705578	0.465028728930858	0	0.57132041135255
chr9:96298416|96321341	-2.60867865326147	6.27188509814092	0.533763883705578	0.465028728930858	0	0.57132041135255
chr9:5810011|5813035	-2.60867865326147	6.27188509814092	0.533763883705578	0.465028728930858	0	0.57132041135255
chr9:69043461|69046482	-2.60867865326147	6.27188509814092	0.533763883705578	0.465028728930858	0	0.57132041135255
chr9:98210656|98229148	-2.60867865326147	6.27188509814092	0.533763883705578	0.465028728930858	0	0.57132041135255
chr9:129060550|129061346	-2.60867865326147	6.27188509814092	0.533763883705578	0.465028728930858	0	0.57132041135255
chr9:35106252|35106891	-2.60867865326147	6.27188509814092	0.533763883705578	0.465028728930858	0	0.57132041135255
chr9:82281582|82428293	-2.60867865326147	6.27188509814092	0.533763883705578	0.465028728930858	0	0.57132041135255
chr9:71918425|71947112	-2.60867865326147	6.27188509814092	0.533763883705578	0.465028728930858	0	0.57132041135255
chr9:129613107|129620743	-2.60867865326147	6.27188509814092	0.533763883705578	0.465028728930858	0	0.57132041135255
chr9:33245112|33246728	-2.60867865326147	6.27188509814092	0.533763883705578	0.465028728930858	0	0.57132041135255
chr9:114905828|114918138	-2.60867865326147	6.27188509814092	0.533763883705578	0.465028728930858	0	0.57132041135255
chr9:93476256|93498886	-2.60867865326147	6.27188509814092	0.533763883705578	0.465028728930858	0	0.57132041135255
chr9:35835288|35841267	-2.60867865326147	6.27188509814092	0.533763883705578	0.465028728930858	0	0.57132041135255
chr9:132677977|132683693	2.58615669706501	6.26779167401653	0.530312963672932	0.466475312786709	0	0.57132041135255
chr9:120776093|120778545	2.58615669706501	6.26779167401653	0.530312963672932	0.466475312786709	0	0.57132041135255
chr9:32485175|32491420	2.58615669706501	6.26779167401653	0.530312963672932	0.466475312786709	0	0.57132041135255
chr9:3546778|3568889	2.58615669706501	6.26779167401653	0.530312963672932	0.466475312786709	0	0.57132041135255
chr9:87727594|87728809	2.58615669706501	6.26779167401653	0.530312963672932	0.466475312786709	0	0.57132041135255
chr9:128632127|128632484	2.58615669706501	6.26779167401653	0.530312963672932	0.466475312786709	0	0.57132041135255
chr9:134782667|134796901	2.58615669706501	6.26779167401653	0.530312963672932	0.466475312786709	0	0.57132041135255
chr9:4836726|4841357	2.58615669706501	6.26779167401653	0.530312963672932	0.466475312786709	0	0.57132041135255
chr9:137078502|137079449	2.58615669706501	6.26779167401653	0.530312963672932	0.466475312786709	0	0.57132041135255
chr9:136800389|136804816	2.58615669706501	6.26779167401653	0.530312963672932	0.466475312786709	0	0.57132041135255
chr9:103264524|103315281	2.58615669706501	6.26779167401653	0.530312963672932	0.466475312786709	0	0.57132041135255
chr9:121318406|121324644	2.58615669706501	6.26779167401653	0.530312963672932	0.466475312786709	0	0.57132041135255
chr9:18635943|18662073	-2.57305473429065	6.2887575957883	0.521346929489953	0.470267685114219	0	0.57132041135255
chr9:126615383|126693601	-2.57305473429065	6.2887575957883	0.521346929489953	0.470267685114219	0	0.57132041135255
chr9:13150511|13176417	-2.57305473429065	6.2887575957883	0.521346929489953	0.470267685114219	0	0.57132041135255
chr9:105479354|105508715	-2.57305473429065	6.2887575957883	0.521346929489953	0.470267685114219	0	0.57132041135255
chr9:136447569|136451408	-2.57305473429065	6.2887575957883	0.521346929489953	0.470267685114219	0	0.57132041135255
chr9:130219725|130222738	-2.57305473429065	6.2887575957883	0.521346929489953	0.470267685114219	0	0.57132041135255
chr9:72197462|72213991	-2.57305473429065	6.2887575957883	0.521346929489953	0.470267685114219	0	0.57132041135255
chr9:34556255|34564832	-2.57305473429065	6.2887575957883	0.521346929489953	0.470267685114219	0	0.57132041135255
chr9:96465337|96465778	-2.57305473429065	6.2887575957883	0.521346929489953	0.470267685114219	0	0.57132041135255
chr9:3671474|3674648	-2.57305473429065	6.2887575957883	0.521346929489953	0.470267685114219	0	0.57132041135255
chr9:84670377|84707912	-2.57305473429065	6.2887575957883	0.521346929489953	0.470267685114219	0	0.57132041135255
chr9:94199198|94223308	-2.57305473429065	6.2887575957883	0.521346929489953	0.470267685114219	0	0.57132041135255
chr9:113421103|113424316	-2.57305473429065	6.2887575957883	0.521346929489953	0.470267685114219	0	0.57132041135255
chr9:8936079|8958848	-2.57305473429065	6.2887575957883	0.521346929489953	0.470267685114219	0	0.57132041135255
chr9:124312509|124313985	2.32489044286652	6.1700240901327	0.479446803799988	0.488672998658824	0	0.57132041135255
chr9:23831438|23831598	2.32489044286652	6.1700240901327	0.479446803799988	0.488672998658824	0	0.57132041135255
chr9:35724830|35725321	2.32489044286652	6.1700240901327	0.479446803799988	0.488672998658824	0	0.57132041135255
chr9:7930282|7960662	2.32489044286652	6.1700240901327	0.479446803799988	0.488672998658824	0	0.57132041135255
chr9:23540579|23554617	-2.2881032878291	6.13798985777953	0.470663383074094	0.492682139539614	0	0.57132041135255
chr9:84292668|84298019	-2.2881032878291	6.13798985777953	0.470663383074094	0.492682139539614	0	0.57132041135255
chr9:127925867|127927208	-2.2881032878291	6.13798985777953	0.470663383074094	0.492682139539614	0	0.57132041135255
chr9:73154198|73158601	-2.2881032878291	6.13798985777953	0.470663383074094	0.492682139539614	0	0.57132041135255
chr9:96774788|96776245	-2.2881032878291	6.13798985777953	0.470663383074094	0.492682139539614	0	0.57132041135255
chr9:112405624|112418958	-2.2881032878291	6.13798985777953	0.470663383074094	0.492682139539614	0	0.57132041135255
chr9:68742501|68822683	-2.2881032878291	6.13798985777953	0.470663383074094	0.492682139539614	0	0.57132041135255
chr9:33798368|33799913	-2.2881032878291	6.13798985777953	0.470663383074094	0.492682139539614	0	0.57132041135255
chr9:135616587|135617016	-2.2881032878291	6.13798985777953	0.470663383074094	0.492682139539614	0	0.57132041135255
chr9:69732139|69734254	-2.2881032878291	6.13798985777953	0.470663383074094	0.492682139539614	0	0.57132041135255
chr9:136995442|136995757	-2.2881032878291	6.13798985777953	0.470663383074094	0.492682139539614	0	0.57132041135255
chr9:134408149|134421805	-2.2881032878291	6.13798985777953	0.470663383074094	0.492682139539614	0	0.57132041135255
chr9:37974622|38016131	-2.2881032878291	6.13798985777953	0.470663383074094	0.492682139539614	0	0.57132041135255
chr9:92509899|92522893	-2.2881032878291	6.13798985777953	0.470663383074094	0.492682139539614	0	0.57132041135255
chr9:92323441|92324209	-2.2881032878291	6.13798985777953	0.470663383074094	0.492682139539614	0	0.57132041135255
chr9:27560227|27565590	2.26850996889782	6.1350069456403	0.467299306600446	0.494232244494773	0	0.57132041135255
chr9:129099866|129102565	2.26850996889782	6.1350069456403	0.467299306600446	0.494232244494773	0	0.57132041135255
chr9:98495966|98496514	2.26850996889782	6.1350069456403	0.467299306600446	0.494232244494773	0	0.57132041135255
chr9:107428292|107454973	2.26850996889782	6.1350069456403	0.467299306600446	0.494232244494773	0	0.57132041135255
chr9:35660401|35660647	2.26850996889782	6.1350069456403	0.467299306600446	0.494232244494773	0	0.57132041135255
chr9:84702348|84727959	2.26850996889782	6.1350069456403	0.467299306600446	0.494232244494773	0	0.57132041135255
chr9:111748092|111781017	2.26850996889782	6.1350069456403	0.467299306600446	0.494232244494773	0	0.57132041135255
chr9:37327799|37349452	2.26850996889782	6.1350069456403	0.467299306600446	0.494232244494773	0	0.57132041135255
chr9:86981770|86987615	2.26850996889782	6.1350069456403	0.467299306600446	0.494232244494773	0	0.57132041135255
chr9:85976685|86007464	2.26850996889782	6.1350069456403	0.467299306600446	0.494232244494773	0	0.57132041135255
chr9:36063795|36117177	2.26850996889782	6.1350069456403	0.467299306600446	0.494232244494773	0	0.57132041135255
chr9:137436521|137438084	2.26850996889782	6.1350069456403	0.467299306600446	0.494232244494773	0	0.57132041135255
chr9:131052850|131069050	2.26850996889782	6.1350069456403	0.467299306600446	0.494232244494773	0	0.57132041135255
chr9:127872690|127874649	2.26850996889782	6.1350069456403	0.467299306600446	0.494232244494773	0	0.57132041135255
chr9:127824304|127825860	2.26850996889782	6.1350069456403	0.467299306600446	0.494232244494773	0	0.57132041135255
chr9:128428302|128428833	2.26850996889782	6.1350069456403	0.467299306600446	0.494232244494773	0	0.57132041135255
chr9:136855254|136857041	2.26850996889782	6.1350069456403	0.467299306600446	0.494232244494773	0	0.57132041135255
chr9:128835997|128838137	2.26850996889782	6.1350069456403	0.467299306600446	0.494232244494773	0	0.57132041135255
chr9:93261814|93268065	-2.25807534198452	6.15030528712294	0.458566906159729	0.498294494111999	0	0.57132041135255
chr9:34623864|34628086	-2.25807534198452	6.15030528712294	0.458566906159729	0.498294494111999	0	0.57132041135255
chr9:98371464|98406141	-2.25807534198452	6.15030528712294	0.458566906159729	0.498294494111999	0	0.57132041135255
chr9:131619051|131621998	-2.25807534198452	6.15030528712294	0.458566906159729	0.498294494111999	0	0.57132041135255
chr9:85958472|85975033	-2.25807534198452	6.15030528712294	0.458566906159729	0.498294494111999	0	0.57132041135255
chr9:2943565|3013028	-2.25807534198452	6.15030528712294	0.458566906159729	0.498294494111999	0	0.57132041135255
chr9:35606237|35607672	-2.25807534198452	6.15030528712294	0.458566906159729	0.498294494111999	0	0.57132041135255
chr9:120824494|120831945	-2.25807534198452	6.15030528712294	0.458566906159729	0.498294494111999	0	0.57132041135255
chr9:34487946|34490124	-2.25807534198452	6.15030528712294	0.458566906159729	0.498294494111999	0	0.57132041135255
chr9:35562875|35563389	-2.25807534198452	6.15030528712294	0.458566906159729	0.498294494111999	0	0.57132041135255
chr9:89672757|89673487	-2.25807534198452	6.15030528712294	0.458566906159729	0.498294494111999	0	0.57132041135255
chr9:126381064|126386658	-2.25807534198452	6.15030528712294	0.458566906159729	0.498294494111999	0	0.57132041135255
chr9:92882567|92884000	-2.69703919906108	7.59715152773735	0.341948555767577	0.558706632266773	0	0.63920844809876
chr9:83628007|83628959	-2.00457444057454	6.71592213093915	0.292343497383013	0.588722661200556	0	0.672103982314797
chr9:135631431|135639193	2.35974710101587	7.24399897166318	0.262987278163936	0.608075242607836	0	0.692710983013638
chr9:74782679|74800482	1.6417417747077	6.6546607537457	0.235678799861089	0.627344683560931	0	0.713135409517981
chr9:113322811|113331116	-1.70990135918281	6.70851662158867	0.233106870055235	0.629229639371098	0	0.713702181990312
chr9:128949189|128952846	2.0255760660174	6.73677413886978	0.231347647373467	0.630526363788433	0	0.713702181990312
chr9:136806385|136807202	-2.1915852418763	6.97249360257634	0.207919508488278	0.648402981808331	0	0.732378739537223
chr9:137263037|137266426	1.55088093589801	6.67416032461735	0.196357595500605	0.657677094371812	0	0.741280114842805
chr9:96351103|96364550	1.87174758888975	6.96027904052826	0.175819692595383	0.674990620446791	0	0.759186067817532
chr9:26920227|26926560	-1.5453217249514	6.74545949820898	0.169269720636715	0.680761647142963	0	0.764061595527545
chr9:26092361|26110139	1.39115084014167	7.12845685454616	0.110657653165069	0.73939664578193	0	0.828124243275762
chr9:136016265|136050580	1.61636486693122	7.0780284488403	0.072525819439103	0.787694075637306	0	0.880363966888754
chr9:117650852|117652447	1.50675001094191	6.81928251850808	0.069551345360132	0.7919911438115	0	0.883310877374671
chr9:86046470|86052591	0.981153529165321	6.79518671412074	0.0604086660002481	0.805851189328518	0	0.896297833021913
chr9:92634386|92635246	-1.42099056589593	7.12581569806821	0.0594223184671795	0.807411330178468	0	0.896297833021913
chr9:110250820|110251462	1.01520948938791	6.86963108180897	0.0586204740641799	0.808689774155109	0	0.896297833021913
chr9:19573351|19619692	-0.954602725738043	7.31385431922657	0.0573837526287335	0.810679858403272	0	0.896635519065573
chr9:115126950|115127910	0.718097682737137	6.66713922533445	0.0439267500952342	0.833989953193005	0	0.919865114909721
chr9:36147786|36148650	-0.85441459280123	6.42654481252126	0.0433110423172293	0.835140696431194	0	0.919865114909721
chr9:92470669|92474927	0.804513718540266	7.26903798520506	0.0415874009091825	0.838408285347991	0	0.921556214473411
chr9:92188518|92189635	-0.778902533348125	7.3119022890456	0.0397770887989906	0.841917053345636	0	0.923504891504904
chr9:33886881|33900271	-0.806337092077087	7.36840893941328	0.0382294324068571	0.844983155655556	0	0.924960985203201
chr9:110973481|111036201	1.3067741390339	6.70765441380809	0.0369695295471513	0.847527097672251	0	0.925840689859626
chr9:19423862|19424841	0.739938937373544	6.96199258578892	0.0298513171238588	0.862828023589512	0	0.940100859868939
chr9:97516213|97516818	-0.676200066561361	7.24540638541885	0.0292882119436639	0.864115264052465	0	0.940100859868939
chr9:110329232|110334320	-1.28262313845218	6.73362898465567	0.0230695393852818	0.879276376992762	0	0.954023006977283
chr9:75127569|75133401	0.614114331016779	6.30675781635676	0.0219230630135047	0.882291953821097	0	0.954023006977283
chr9:35658576|35660461	0.614114331016779	6.30675781635676	0.0219230630135047	0.882291953821097	0	0.954023006977283
chr9:94085251|94095454	0.574667785600611	6.90546608930563	0.0152093700411088	0.901848735412426	0	0.973191738822334
chr9:133105932|133109721	0.490151569450165	7.03908018046029	0.013454288070874	0.907658390099935	0	0.974349155547896
chr9:35813445|35813784	0.490151569450165	7.03908018046029	0.013454288070874	0.907658390099935	0	0.974349155547896
chr9:88737657|88737877	0.45396866953428	6.79614495612102	0.0132335232415411	0.908415754044655	0	0.974349155547896
chr9:11640733|11784659	0.405829255826461	6.55417147121225	0.00984455369280241	0.920963814394536	0	0.985820421042038
chr9:36058827|36065624	1.0381954293179	6.55707140198187	0.00771828293590682	0.929992909558614	0	0.992109244861967
chr9:23829670|23831598	-0.291725681307027	6.70648252366665	0.00743383772005385	0.931291765835818	0	0.992109244861967
chr9:120622616|120659575	-0.354207292741531	6.50493756027697	0.00686342396460722	0.93397416367759	0	0.992109244861967
chr9:63055923|63057637	0.350135978376205	6.96284863162855	0.00679603450785019	0.934298367811739	0	0.992109244861967
chr9:35733396|35735215	0.334960507583434	6.50377151962689	0.00613685761633105	0.93755911265197	0	0.992434704036646
chr9:105464240|105468324	0.294971426414531	7.11225461278883	0.00512261351235554	0.942942177146272	0	0.992434704036646
chr9:37522825|37532058	-0.269495773418643	7.50677719864543	0.00507513816928244	0.943206743695578	0	0.992434704036646
chr9:125543059|125657799	1.06865787204132	7.04419696732704	0.00495797265014786	0.943865045700021	0	0.992434704036646
chr9:133520174|133528612	-0.277319620466252	7.24902995095603	0.00486808378484319	0.944375408536411	0	0.992434704036646
chr9:130666608|130668313	-0.603847173272466	6.73147263270605	0.00426482616465829	0.947930654612258	0	0.992434704036646
chr9:14662215|14680162	1.05439593237308	7.04048525102443	0.004142383777475	0.948682501925848	0	0.992434704036646
chr9:97805840|97810039	0.887131416675144	6.88804542708594	0.00372880067282977	0.951308313952872	0	0.992434704036646
chr9:43111266|43119686	0.958088082716875	6.95400885422685	0.0033884320876596	0.953581163894025	0	0.992434704036646
chr9:69046385|69053260	0.497517998893933	6.61660692676527	0.00333915911257132	0.953919521958557	0	0.992434704036646
chr9:122576766|122578445	-0.786238479567922	6.82265317306157	0.00316653735478223	0.955125128696923	0	0.992434704036646
chr9:34623425|34628086	0.764603957066565	7.11368123797523	0.00199665998292842	0.964359185977525	0	0.998358920702127
chr9:136755412|136757168	-0.173228865191199	7.04070473619446	0.00169374652461314	0.967172206988342	0	0.998358920702127
chr9:98130955|98134955	-0.543329647814181	6.99557330800009	0.00103384103064075	0.974349719609687	0	0.998358920702127
chr9:104884427|104889195	0.363397912855387	6.8080315722687	0.000900178931557249	0.976064674915142	0	0.998358920702127
chr9:72305436|72315090	-0.428953233245593	6.91600651955774	0.00067204478829197	0.97931809551093	0	0.998358920702127
chr9:92135461|92136537	0.428565635082751	7.4459454195894	0.000577983292998852	0.980819679062842	0	0.998358920702127
chr9:100018256|100052532	-0.362100215208526	7.29104278223986	0.000508102525608845	0.982016303614149	0	0.998358920702127
chr9:116841429|116842517	-0.300882445400761	6.83178421934212	0.000478348281301333	0.982550718556871	0	0.998358920702127
chr9:124013961|124015525	-0.300882445400761	6.83178421934212	0.000478348281301333	0.982550718556871	0	0.998358920702127
chr9:111527268|111530963	-0.225040959358792	6.53236924460506	0.00033338481319567	0.985432372192821	0	0.998358920702127
chr9:37521569|37529260	0.0626330859793735	7.18565042762785	0.000247882381771282	0.987438400299562	0	0.998358920702127
chr9:36197551|36199096	0.053692770999348	6.16019528244352	0.000179888647700076	0.989298887756449	0	0.998358920702127
chr9:74634631|74662606	-0.193808500168361	7.48198219610358	0.000151973109481007	0.99016413778812	0	0.998358920702127
chr9:113256114|113257185	0.150857192807666	6.89729569203958	0.000136499965925019	0.99067827143299	0	0.998358920702127
chr9:131436620|131439061	0.196192780723148	7.09674234417294	9.02872520522902e-05	0.992418646557339	0	0.998358920702127
chr9:125203008|125213522	0.125974333574847	7.05666746903035	8.92638256972944e-05	0.992461735905218	0	0.998358920702127
chr9:846960|894195	-0.167713482234286	6.9018997989752	4.72124898664994e-05	0.994517670974452	0	0.998358920702127
chr9:128832291|128835667	-0.000535014122606763	6.62216790102995	1.78687937899547e-05	0.996627232637865	0	0.998358920702127
chr9:97281516|97290902	0.0650743610923004	7.16717952118276	4.91991842888062e-06	0.9982302225525	0	0.998358920702127
chr9:114323663|114330862	-0.00868579415532304	6.13649911060341	4.23038236711498e-06	0.998358920702127	0	0.998358920702127
